t = 104590001
b = 250 250 250
E = -1.10135584708507 -1.41078053057427 0.309424683489205
56.5353425792453 -58.4760345373997 203.166600184306 0.952793913605086 -0.126271252665356 0.27611470266295 0.104178341779886 0.990169969633444 0.0933290121069489 0.372967059894721 0.0574261536819645 -0.582483931145198 -0.151211529661026 -0.541222235936784 -0.015337298868681
56.5274795009006 -58.1607923407906 203.528015573649 0.971531667807556 -0.0184537738553092 -0.236189917169726 0.106964840437853 0.923727727015948 0.367811921588268 0.0583331784705071 0.448930877124847 0.619807573081725 -0.182172220708346 -0.0403102381426406 0.392948859569994
56.7938541793764 -57.8571330686678 203.93170680894 0.667874868260523 0.0563857613400415 -0.742134628280038 0.274360226124349 0.908253642965172 0.315914207622306 0.206046045969846 -0.424680738357524 0.165647781597576 0.0201351263011588 0.278284328305232 0.195788772843446
57.1681599710029 -57.503027156367 204.091432706602 0.0284186880787778 0.144769152616819 -0.989057263588874 0.313065518052869 0.938388108057504 0.146348010229596 -0.0131817281443461 -0.222429445251172 0.398571317633178 -0.0644788801675948 0.148674784516285 0.31396124022533
57.6168432306011 -57.2238124617334 204.019315106564 -0.509004129530351 0.337823487838161 -0.791700757060497 0.401614878564202 0.906721044902667 0.128695132706479 -0.192850587874915 0.0121468162725446 -0.0299910938725219 0.137301591709934 -0.166509341507611 -0.483578142497252
57.8651062129913 -56.7338571944234 203.948441366409 -0.862517908976167 0.0880432064863461 -0.498308388725425 0.15921088714499 0.981952799951654 -0.102081300353154 -0.704097956882106 -0.591262097824712 0.403809187269834 0.40304163268824 0.263369140724639 -0.138295977124307
58.0942923228818 -56.4584510779592 203.578065685856 -0.956183573834793 0.292422335988735 -0.0142179716438777 0.28958404636814 0.93752696510346 -0.192832232577525 -0.264827438178353 -0.376531441453729 0.0117376078828191 -0.0980806620958934 -0.26727783245273 0.450346764169635
58.0684080076809 -56.0636186891768 203.170312056166 -0.730068775988882 0.274907348524723 0.625640097738954 0.157446415507581 0.958552040998478 -0.23746286192903 0.0217812301775997 0.0172252292954768 0.04876063325288 0.159756253693919 0.0534805568263414 0.881023830090388
57.9260331525721 -55.5773413891457 202.969687081194 -0.284666210426887 0.119907947608089 0.951097909167493 -0.00129776215864796 0.992097162530065 -0.125465278045336 0.300459753565747 0.000262314147516357 0.236098993337814 0.0314941334167757 0.167601905366655 -0.393376641905942
57.6778701132905 -55.0852742883235 203.037120357369 0.409694790688036 -0.0727767315884865 0.90931497628304 -0.0951802664779395 0.987961389882457 0.121954947542392 -0.0528170529164885 -0.104134186970869 0.629389930930984 0.46091848114128 0.189766602269437 -0.106590676723254
57.4102157377815 -54.6697403838902 203.23804331465 0.789075241885731 -0.147588715309122 0.596303474749844 0.0500894822764295 0.982935395815566 0.177000145733967 -0.14461298891271 0.179480551887434 0.0755558160027377 -0.652754155844207 -0.00900310375441446 -0.245403579260734
57.2892403120095 -54.274292395067 203.574839308227 0.996903870678711 -0.0699627963872578 -0.0358870411180543 0.0777439475896337 0.945345537144906 0.316666534344154 0.561983113733651 -0.0422457292800557 -0.128396407749521 0.209254910861816 -0.318382373975547 -0.0952662408989873
57.4240080462808 -54.0397086215994 204.016734848472 0.80445614125413 0.163538246924146 -0.571056528488846 0.0855567377222003 0.919431491057198 0.383830402771812 -0.0636487750913499 -0.433290376777581 -0.0590151926310521 0.602760660685508 -0.580923342581935 -0.137733232057517
57.6845827968419 -53.5941697559822 204.257119711225 0.288279246317942 0.104188523548996 -0.951861244262925 0.0555999489810954 0.990564298951956 0.125263786113215 0.259213973703825 -0.113721645062578 -0.368202984618747 0.458002150258287 0.538290684159918 0.238727532305467
57.9524665712429 -53.0971299012712 204.310604317973 -0.0185014428395299 0.0433712294153457 -0.99888769776804 0.364587261212392 0.930560958490055 0.0336516132834983 -0.231632922911772 0.393459898324875 -0.0854731614690883 -0.0600067989837798 -0.493930442229706 0.502711185115651
58.3751797918128 -52.6377151323177 204.132037315597 -0.562586969262892 0.0163681950247195 -0.82657606089409 0.264301589205503 0.950896636605035 -0.161059792080567 0.0724593686344717 0.270880684697797 0.0165413193210938 0.328143969919111 0.389261974142688 -0.0669279092592276
58.6266070873703 -52.327572544878 203.919300136023 -0.953747171476506 0.162338103793291 -0.25300725896906 0.204633351211034 0.967146483567457 -0.150840548329289 0.224031961496593 0.228918149869165 -0.661328610245003 0.479365875091281 -0.0285639417418286 -0.307744077245633
58.6954381116149 -51.9735778978602 203.507102674393 -0.911998297972628 0.26598541737693 0.312267293305303 0.143174620447785 0.919803332898342 -0.36532568619983 0.205949169159145 0.247662554546188 -0.197078916121877 0.00244691832881107 0.314947075960059 -0.150633532422754
58.5771016615935 -51.6101267459119 203.125513243032 -0.66148107019819 0.185959506120556 0.726541020161682 -0.0118114442807345 0.966067253767258 -0.258020443884554 0.309178801726035 -0.267486503330239 -0.246606352262809 0.558104768962751 -0.2535062614753 -0.543357777328295
58.3395678000856 -51.2031412444254 202.929880784292 -0.296501914197589 0.102681395855833 0.949496258911455 -0.321258796439608 0.925542051247915 -0.200411319223284 -0.120683254759549 0.058993032922422 -0.312224917341008 -0.120297848884463 0.0887786040627256 -0.805317439032777
57.8749527674752 -50.81709791347 202.887845257179 0.242416336861772 0.174639969237985 0.95432447346837 -0.471068726204121 0.881115850885714 -0.0415825971206393 -0.389416943236784 -0.0572251302326255 0.142510845662231 -0.00544469491816672 0.0118214183840277 -0.449527083754677
58.1394171722654 -50.6079249937529 201.375866126857 -0.58605245560186 0.358287002123294 -0.726755077879442 0.786559901731281 0.46695926145407 -0.404070005084298 -0.529511547857095 -0.0849864650402791 0.0568566984114734 -0.310238409756764 -0.165467780165298 -0.153842766077598
58.4637539063303 -50.71724067079 201.009033994144 -0.467745095918663 0.79463595418586 -0.386998999729027 0.836551368674737 0.256682820929646 -0.484041049082981 -0.145107071828149 -0.566871946379591 -0.332370085118047 0.104638221351568 0.5615727709173 -0.516613702299424
58.7103423254646 -50.7168453954634 200.569875289481 -0.196023465688101 0.965977240164949 0.168709135853436 0.779166786117765 0.257893684750618 -0.571305493501208 -0.100804305483205 0.11666682175409 -0.592495201470405 0.16491045280283 0.326310193601284 -0.185365698677246
58.8589722287801 -50.5027511182966 200.093559892436 0.112914705090091 0.737402647664758 0.665948650185703 0.770028917884287 0.358631324125399 -0.527673231308205 -0.271171635215344 1.07880078351747 0.0858376761664765 0.614623530264907 -0.332208709035883 0.108692659414182
59.0314691429674 -50.1478606867966 199.782201464411 0.306674085109101 0.417928089490114 0.855153271862895 0.603475236923784 0.609402676096872 -0.514243149882534 0.811329430849888 -0.449386916678875 0.277499805057495 0.510553265886525 0.00406038367279719 0.273810233810418
59.2648487693264 -49.6878413791211 199.578951732789 0.463117244748854 -0.146055411787739 0.874179749554391 0.72688071425299 0.626942635952357 -0.280334369308808 -0.369526312104031 -0.176656050467648 0.251014003514649 0.158606331084403 -0.0535057182066744 -0.167597781616465
59.628490413379 -49.1702380968173 199.569420063072 0.47935838106231 -0.633854015635398 0.606996399972114 0.875575019193423 0.392586136819149 -0.281504016143897 0.0366142324829217 -0.0837861477976866 -0.622450447378798 0.381805028985028 0.387787306127392 -0.215976298244546
60.0561552255237 -48.9490912286441 199.658979700023 0.371079897885335 -0.920113754752367 0.125261281008203 0.92676001698938 0.358469713570653 -0.112318013237617 -0.189454233781198 -0.0135403507685815 0.502285788195017 0.0745857053314613 0.215691730692299 0.363632815072481
60.4657693833188 -48.8362474993554 199.917609287938 0.236328009322481 -0.812297226177623 -0.533218800433805 0.846855679483376 0.441255057396755 -0.296866018436221 0.440038920766773 0.211471908503375 -0.0303733644963109 -0.0473525227289297 0.193470999610946 -0.107859689131332
61.0051172296898 -48.7574109200228 199.975773477651 -0.0456492337690253 -0.598739137530223 -0.799642165691378 0.905860592419979 0.312628966902519 -0.285796634667987 -0.128619864163552 0.276194621860075 -0.788847951769699 0.145371295916863 0.55087318416067 -0.405326305046586
61.5407727088213 -48.8005741370587 199.918072934232 -0.321332959210836 -0.221460591593856 -0.920706433603419 0.894775514005103 0.247313290133727 -0.371769978405534 0.287348999499788 -0.141403027617991 -0.047541547161723 0.0576881785998666 0.161214461368472 -0.385441679773945
61.9068003254432 -49.0857382534444 199.682601530913 -0.351408895203578 0.429460136416636 -0.831910920535694 0.930792524752982 0.0647022791985609 -0.35977616798539 0.0993385338367184 0.254193492721332 0.212689668085373 -0.477893040904864 -0.188021696137441 -0.0373219386046711
62.271594563936 -49.227035029881 199.325689881824 -0.383944746710852 0.872714729517054 -0.301588183268191 0.876477068250762 0.241713622399839 -0.416368194646297 0.104847289483957 -0.646806616945799 -0.375299403923428 0.303617990189589 0.76204952490699 -0.0336743475643676
62.5684974880678 -49.2005209514221 198.86047265315 -0.265746220204915 0.924633200415256 0.272823003180283 0.805643077663272 0.368425810452276 -0.463898322404854 -0.521398906629282 0.0616300524444433 0.00368297595730983 0.297677352721138 -0.138814969204749 0.0540911611076863
62.7152512927842 -49.0381780238777 198.443398076636 0.119215643233686 0.732215651468557 0.670557880216509 0.856101027799799 0.266257479399396 -0.442942417519705 -0.295904874308371 -0.410591896267968 0.0261147553124035 -0.486192643586035 -0.0848998781159133 -0.321944190993716
62.8230723740455 -48.5587240905248 198.179491880286 0.407271818269217 0.250670728559093 0.878233370533721 0.842041764514186 0.269329563470601 -0.467362015788904 0.294033135522666 -0.389717770810378 0.524926499993703 -0.021510753241596 -0.124519645505342 0.428717790341491
63.1513307137888 -48.1286743693571 198.067718853806 0.486466304785928 -0.264198885258225 0.832796183208565 0.850732078245311 0.360352337560743 -0.38262399746307 -0.0113986926320995 -0.0929639302500382 -0.200679650730412 -0.334967860411547 0.152113273005347 0.468321894481969
63.5162028391311 -47.7363687708036 198.094993882556 0.471263846354854 -0.780590428457837 0.410595872259538 0.873474990335257 0.348514871684337 -0.339968859944026 -0.170600310839922 0.0117206362821444 -0.499391640742517 0.256351620461448 0.0518238726076929 -0.0116537966019888
64.0493002682543 -47.4950820332513 198.101413772055 0.170777266613554 -0.977726713963931 0.122006548378832 0.941502702989288 0.125417189808495 -0.312798958764712 -0.120637416118416 -0.127697656365656 0.191041130129459 0.283658255853782 -0.3674359474109 0.449188071395522
64.528127192257 -47.5068160051616 198.273847645698 -0.0120060779438771 -0.834541655694264 -0.550814013733575 0.978474624454802 0.103688445199205 -0.178426776869505 0.296220100197534 0.212835763717691 0.779238914619894 0.134013988743842 -0.368112049190663 0.11909691906087
65.0390749785763 -47.7543363398013 198.312314739849 -0.280831909945659 -0.397048930618087 -0.873776622144846 0.955547096873564 -0.0304910819831161 -0.293257633844789 -0.579236198502299 0.194115649076536 0.254854649041416 -0.113554465402659 0.0446187196224579 -0.09442953783911
65.2637101704179 -48.0959828723843 198.322181875646 0.0890334132829968 0.448561091735801 -0.889306470401182 0.981230993731953 -0.192833585007941 0.000972332042310183 0.0799919137563466 0.275314779272338 0.250120575853975 -0.0939358927646095 -0.354241483292299 0.253010113301797
65.6407547477029 -48.3578673535142 198.064460426252 0.068275882127902 0.897054490379424 -0.436613840416387 0.962090205664883 -0.175027820464991 -0.20915950523082 -0.376725013234035 0.70757586847701 0.51867362748801 0.444605774154626 0.154991621159403 -0.198813815029682
66.8356685509969 -47.9528970123904 198.607229649785 0.666690334241303 0.559250088843908 0.492710196040194 0.225358837802558 -0.781369688949979 0.58195773416714 -0.344285968586386 0.20645465964278 0.0750667049013227 -0.421801688182351 -0.492195865151069 -0.472292442494101
67.282891574937 -48.1285798434907 198.688964365108 -0.18640597072652 0.379518270951204 0.906211176404599 0.279690450994735 -0.86371342265666 0.419252161847017 0.0168422569475998 -0.374370051863347 0.15475483858524 -0.15046593325841 0.211933380462331 -0.2919574778204
67.5205070627451 -48.4018557478336 199.056831068091 -0.819334842831696 0.293975938401637 0.49220784535286 0.143095512087451 -0.726496777939455 0.672105725398151 0.548755170687344 -0.155868077884925 0.166960719266017 0.266947431866779 -0.14125902835635 -0.105025207526277
68.2883663724771 -49.377121191033 198.933481676405 -0.566975716239512 -0.760783930613776 -0.315826452691945 0.747771217157918 -0.314539432398569 -0.584724851813872 0.0139310537829856 -0.174802707902306 0.0747403250301158 -0.00241823119783643 0.335333409891246 -0.362133954862147
68.6292062118414 -49.7058647851194 198.978677914087 -0.534523483388443 -0.223778907808084 -0.814989353725398 0.797713862941548 -0.45211829630884 -0.39905092367471 0.135161774197594 -0.0944303372733565 -0.15939644748331 -0.271434915438993 0.272306178637285 0.165457740336642
64.5571117668873 -48.1777238699952 197.249881555561 0.478617682867319 0.366561526417436 0.797845699254422 -0.807333726883333 -0.173487346327254 0.564016306026636 0.180628708150481 -0.0697458688407661 0.43217924272841 0.279672978498481 0.250496320837851 -0.201974126067998
64.4272067669874 -48.5401097766653 197.691247859636 0.129603574668127 0.866549458068097 0.48196986560626 -0.702822607915791 -0.26259662077594 0.661122830848495 -0.133168151817601 0.502871206942987 0.0429647406107597 0.21463965538921 0.289849997250794 0.0789845347933719
64.3716283307238 -48.6176138744162 198.207718260393 -0.409694179336989 0.91140922075808 -0.0385215874294701 -0.733506596026832 -0.304030712986767 0.60789258910582 0.433727022807686 -0.170447737220602 0.0774207970185414 -0.237071244634186 -0.139736039295818 0.261884605497494
64.033111918369 -48.7276716545566 198.642372883924 -0.353661757433981 0.862095318778174 -0.362925643402528 -0.799204807165477 -0.0769074979841252 0.596118203818044 -0.184282294890607 0.179802050779762 0.189588847133325 0.106873694820684 0.0418960271381347 -0.0946442661496996
63.8176243503088 -48.5311016322317 198.995232469854 -0.599810548805923 0.326990880840434 -0.730276844238575 -0.792739164076154 -0.118990177639905 0.597834387786978 0.0896664413019009 -0.42277227288426 -0.14005972366362 0.502598356036336 -0.419826226243952 -0.515223345121392
63.3630393345982 -48.2603731627313 199.221485074312 -0.469047725226301 -0.160412627645027 -0.868482597296996 -0.882664348865484 0.0517810660420351 0.467142772200888 -0.225304646243558 0.363397511234151 -0.0387319582781551 0.0618727454809324 0.163125161339384 0.038228133608328
62.8740786566855 -48.0512767877385 199.176954006911 -0.220819543483317 -0.823735218655194 -0.522205912522652 -0.932621428505611 0.0216567314207404 0.3602058505619 -0.285734644438667 0.401590650796819 -0.0491570120470104 0.0445004853499053 -0.150946253845249 -0.572611042297276
62.3534840715824 -48.0242234957632 199.082256507777 0.099700416353675 -0.98334863242455 -0.151938453775918 -0.960924417182184 -0.134784535695667 0.241779637364889 -0.342310738682146 0.156368436496104 -0.139096181097436 -0.323930610866169 0.284776168490271 -0.160001272238421
61.8426835852293 -48.2102147225934 198.91821204642 0.354718345380643 -0.87376098502599 0.332741095278437 -0.929733073054332 -0.367262914180835 0.0267276023022182 -0.351627781092154 -0.11707580177497 0.341214981267907 -0.314590927472084 0.37572256183409 0.172591110128681
61.454792854739 -48.5203916507669 198.772627315778 0.349843220638761 -0.421153963726119 0.836802879679299 -0.91258107875559 -0.355039811775123 0.202836156371554 -0.149479525043129 -0.185715322038597 0.297036200861746 0.310860332621144 0.147238727271452 0.371320202274049
61.1399756182811 -49.0000748801785 198.763296309228 0.300275199048163 0.126980154615209 0.945362809873623 -0.803020939948497 -0.501222557139395 0.322386905529032 -0.0774019392149671 -0.147966184950292 -0.13699551211123 0.00497889691344089 0.0942145516199652 -0.0753004641795782
60.9318518807574 -49.4533637194323 199.026519847973 0.0941207172823691 0.614973835495884 0.782910258295366 -0.688505742894811 -0.52781256608483 0.497366803456417 -0.213901688855357 -0.351731066921045 0.392529337761739 -0.126608090423 -0.018924844008566 -0.0685852355509042
60.7602457438157 -49.8452422369826 199.320071780383 -0.208212161889716 0.845560111708442 0.491605322136427 -0.651695323090233 -0.494731345775541 0.574920952085938 -0.198470088822467 0.437883538776273 0.169677373158697 -0.645103646470448 0.148225989390225 -0.292477195186058
60.5569040530717 -50.0064583794436 199.833981230727 -0.490148320150149 0.861944989386259 -0.129635872764169 -0.815516989435732 -0.40098450374159 0.417305005582757 -0.703536074385363 0.230440881433436 0.517296462217371 -0.0276966147157182 0.137239637983687 0.264420116047553
60.210031983171 -49.9980834953322 200.238394962888 -0.527592211501403 0.670803981047232 -0.521218262631762 -0.823207172473086 -0.252256049997329 0.50862248904287 -0.0434738590204109 -0.32755253286538 -0.80465096162188 0.0764421040835634 0.193583234753538 -0.288897402592375
59.8878341288531 -49.7821981849069 200.597307661604 -0.508220649874535 0.0608408032609891 -0.859075181576 -0.839594333760208 -0.257167984224488 0.47848300129556 -0.0796742471329745 0.148654386624832 0.144332608467421 0.0495939286520521 0.137224947630728 -0.397281652853665
59.4003646040095 -49.6724148093973 200.882475606192 -0.319352568781268 -0.398306419907222 -0.859863903436434 -0.882233857775181 -0.20628252847413 0.423215002659187 0.186637769363362 0.513245573491792 -0.0437157441565607 -0.661577805284407 -0.0802350706135586 -0.0719739819451112
58.9196809062617 -49.5933022971982 200.89605048191 -0.0706672149524229 -0.652639116746411 -0.754366176667693 -0.976062995471383 -0.110699984533665 0.187207218500193 -0.395117304121754 -0.145077666700939 0.334303570204022 0.0598388247890545 -0.3832498456119 0.272259746537014
58.3797007423685 -49.6065573095094 200.684945805937 0.226361367443031 -0.957657736048884 -0.177910627923408 -0.937668459233065 -0.263691362779286 0.226372978580047 0.168205630658135 -0.314371562692043 0.223377718455363 -0.0739398740741961 0.311965522921621 0.190149787291813
57.9772675906643 -49.7554994331687 200.539393494601 0.354007941550456 -0.813109414171768 0.462094641603372 -0.931165111245912 -0.260350005566297 0.255243824883979 -0.144059557339131 0.0840701471589847 0.24651261868827 -0.115783411929814 -0.257434260123329 0.153124382857512
57.535430217295 -50.1059024234616 200.530929904248 0.496133905978658 -0.0910158816183825 0.863462365969503 -0.857724500158573 -0.205730641672175 0.471151340081506 -0.626772204864301 0.00793371425100839 0.271710939923119 0.0759960710852673 0.188535677648533 0.17407151484024
57.0692327343398 -50.4665856083998 200.903904109181 -0.203030350630805 -0.795228113064999 0.571306331777606 -0.940293483527192 -0.00443634239448023 -0.340335839247002 -0.0666109036902116 -0.0264554821291803 0.14865695809365 0.156017169503466 0.299573620833941 -0.268345173632787
56.7115654033447 -50.6049959464935 200.641710553454 -0.270326829212244 -0.0384376008196359 0.962001016749616 -0.959280081694082 -0.074230203019064 -0.272528166980201 -0.271699348991367 -0.0993212504605058 0.34593338256004 0.168088032304773 0.372831284556886 0.211490254067231
56.34650173551 -50.8622013258208 200.533296515907 -0.282161537308745 0.511325829276785 0.811745503774794 -0.954039863121075 -0.238594620027652 -0.181329938735939 0.613616662206303 -0.217808574674974 0.160814050463239 -0.160825502007189 -0.0178824761318992 0.140942894113156
55.862455568696 -51.1504880262278 200.715730980829 -0.0930086499129562 0.888193221590935 0.449957989030333 -0.993051145409684 -0.115477792652853 0.0226782201117749 0.217792054746661 -0.639407047345622 0.0960690903942487 0.187943386932566 0.649392515359787 0.239251845200286
55.4136299741379 -51.2454697452761 200.955057229489 0.0288017850513782 0.978117942903662 -0.206047926310033 -0.98930428198793 0.0573815982260799 0.134105895555896 -0.0964684876783665 -0.481174766709014 0.0719598038414387 -0.0651217446961315 0.131985379087242 -0.235869869766136
54.9482309675196 -51.0112633299709 201.188680167448 0.0761528905484247 0.79152333538502 -0.606375747370158 -0.976158862702743 0.183153791134856 0.116484178253625 -0.638829328737214 0.14844176301387 0.0909780816503506 -0.253633167088668 0.320851427354951 -0.0664248148295202
54.5229190853803 -50.7203834024454 201.273699209703 0.242868048328963 0.142169528380684 -0.959584772957152 -0.902569764672232 0.395636927861363 -0.169821204295364 -0.259256899422767 -0.103353519428296 0.215980633494552 0.237277522549829 0.424602793400994 0.278532371542623
54.2442001519491 -50.2298206985529 201.198761910728 0.0259627546837163 -0.477059769390887 -0.878487285990642 -0.852438124937649 0.448475390034863 -0.268736055515731 0.303400724211943 -0.5821441520721 -0.372982095947781 -0.0874434127801842 0.0655767949229322 -0.201507520529735
53.9632098949707 -49.9575620826952 200.861128671647 -0.155980967848825 -0.897246668258284 -0.413059746171526 -0.867230273927509 0.324581808599438 -0.37756893600437 0.0678378169276596 -0.300237983407277 0.725422678393626 -0.177026080216253 -0.387896525469851 0.495617027677395
53.6265745756703 -49.8694054322272 200.467583204876 -0.193205268183171 -0.969272831672687 0.152256043020115 -0.931560327500062 0.132502480816722 -0.338583002048449 -0.318638249873811 0.311602501516777 -0.0773046329104785 -0.0157919283800388 -0.0207695714838538 0.164553075354264
53.2424319240676 -49.9941811993071 200.086229939035 -0.329515428802316 -0.80999022503645 0.485113818126649 -0.890681868518705 0.0962291140003383 -0.444326193140463 0.0158428739123249 -0.199146424135855 -0.128419913537907 -0.42729011810513 -0.279896175326264 -0.148828833554996
52.8419933818405 -50.0996964967544 199.757092486194 -0.276253861515319 -0.506037494389167 0.817073961293128 -0.891690555548699 -0.18223088077444 -0.414342683279932 -0.0441428580297301 0.0971890230004852 -0.506609185570286 0.109357487879054 -0.472976693753769 -0.248442592836398
52.5303899170269 -50.4544629782488 199.58797381194 -0.467380999971894 0.197858464387156 0.861630447913064 -0.85698173149391 -0.340755711470966 -0.386610730370798 -0.344806732015596 -0.174404235813647 0.615781718813362 -0.26198649013397 -0.331150567276023 0.424240926177411
52.0426893348026 -50.790867183289 199.603520149671 -0.237527218084993 0.70012709228095 0.673351969689112 -0.956729393503117 -0.0486749751077977 -0.286879093226665 -0.0272395887989505 -0.329533234569314 0.531559075231885 0.798163065394258 -0.275969863418917 0.6393777921467
51.5406519580233 -50.8872005460116 199.811223604628 0.0318101003250236 0.999380106186651 0.0150837647153908 -0.912083544218028 0.0351968676883691 -0.408490865241643 0.531208874945041 -0.212807969770793 0.112073246907438 -0.260638563464307 0.0978676801952215 0.172645085696278
51.0920081607199 -50.7308383806313 200.014910422359 0.234389497456635 0.713735513564285 -0.660032711181029 -0.927142284381836 -0.0400579508928543 -0.372562135368128 -0.142731216235763 0.383505327714888 0.236019663782318 0.324131807084895 0.11279105188859 -0.154000160137938
50.599837711059 -50.4435830565479 199.99961517141 0.43280241345826 0.183103608120445 -0.882697648338736 -0.900879370473283 0.0518502153053398 -0.43096161525984 -0.0580304959637513 0.140470779775412 0.436041087810459 0.144424889463115 -0.127347077821171 -0.153378593864124
50.2701798807107 -50.1161063428586 199.65640185726 0.567011387984674 -0.302477036707897 -0.766162990502919 -0.763011523040028 0.15756746445433 -0.626885882479464 0.30945333067321 -0.11323618552214 0.496216247020693 0.0156160553317406 0.176341995921685 -0.100606332337647
50.0408562017662 -49.892634549167 199.110378093928 0.543364145592587 -0.739076382872692 -0.39814759263618 -0.662522203700089 -0.0862496821837837 -0.744060025713733 -0.120772425879879 0.198257648701411 -0.147014129329412 -0.138875259557557 -0.257452893192853 0.169754754314726
49.9620175805603 -49.855832314837 198.566104646818 -0.0805118924847488 -0.971437432155919 0.223219959752781 -0.668897348714482 -0.113374432763131 -0.734658134555207 0.242672506809095 -0.502953054128176 -0.622061496498765 -0.155689620618656 0.297864049465049 0.144855416242971
49.7974838986248 -50.0736114000242 198.073426875405 -0.421473266294641 -0.522000710931388 0.741535935315132 -0.767074698337578 -0.230933371729975 -0.598553410070296 0.115889740572431 0.37816353959154 0.231558174379209 0.306538756253438 0.0934977449134626 -0.409833547120942
49.3751530135322 -50.4417837584891 197.870393012549 -0.297944937691612 0.239796808997927 0.923973109070298 -0.954567166621459 -0.0804294069499628 -0.2869366407994 -0.0448650203465204 0.0807739652450688 0.174857802032441 0.11828327089501 -0.221198961513278 0.557899103299699
48.9322898860574 -50.6821422191081 197.853111118043 -0.141654681078755 0.681016109203974 0.71843650383899 -0.989186579102554 -0.125238285803981 -0.0763235429216359 -0.338344253032087 -0.0587829704793477 -0.201977116560428 -0.181855814634681 0.361640426686236 0.52585667759487
48.5355557181245 -50.7386435281206 198.079173257535 0.0114242853173089 0.957700744781546 -0.28753916008233 -0.989094974076468 -0.0314032746408714 -0.14389220149221 0.256023092504742 0.415516267798612 0.029258583325642 -0.0342964350643086 -0.406156702317804 0.205206418588436
48.1620616658651 -50.801587056494 198.306655709242 -0.016447314851532 0.536238865038066 -0.84390601698115 -0.985510165163204 -0.151198528816989 -0.0768681940992373 -0.426621232132809 0.323565660813891 -0.373055428032457 -0.335439166172531 0.285336732915676 -0.113540800658685
47.6802300461388 -50.653547474457 198.358823505885 0.286226847753914 -0.223532066323262 -0.931722924035365 -0.927183507993865 -0.309879689982616 -0.210488290347786 -0.285421864728014 -0.0282051557987316 0.397700756143933 -0.25102286555249 0.0906187432242907 0.081735436273182
47.1341024584088 -50.6804017425034 198.120845909047 0.666813271374122 -0.558940855486944 -0.492894695722324 -0.736302532529132 -0.596182546729976 -0.320038984276857 0.446154714280257 0.563553318442964 -0.184257984600868 -0.344693486156555 -0.104920580886109 0.0893803627645205
46.9848669721557 -50.8984305945693 197.685870203653 0.549507324863008 -0.803823110310658 0.227837896583193 -0.633288315166069 -0.57860658118013 -0.513965304118546 0.0136105439917653 0.201044589485309 -0.00954258621747535 0.211202448318132 -0.508436183340874 0.12603997803045
49.4843851932595 -50.9184092962956 198.924106823252 0.200818267490244 0.759461214979196 -0.61878161420632 0.955014833024023 -0.011070571859031 0.296351329941364 -0.297702894797127 -0.587902682672642 0.240360882493975 -0.229097295045908 0.662803455876278 -0.171457664774515
49.9513614269114 -51.0552595928987 198.695989348621 0.0351989028203516 0.999011206569732 -0.0271596401034356 0.93838669170008 -0.0236896642630566 0.344774152283709 -0.512187110734074 -0.0290530633198256 -0.190506168992929 0.414564482055686 -0.22789000775004 -0.344023640971344
50.540887440958 -50.8867445551597 198.717685750749 -0.420026898604856 0.819701974766106 0.389443291167602 0.834812704346722 0.180699897969645 0.520033936928358 0.134001156371561 -0.153334137294035 0.202639731374099 -0.231241018593226 -0.0010324121903235 0.159317491765217
51.0015426308126 -50.5891623471255 198.781731113482 -0.534566766295639 0.579183620343785 0.615454877660538 0.845048555979884 0.356442474917913 0.398549495320182 -0.228788611296278 -0.112266042712447 -0.116056837813073 -0.247517825039951 -0.456164242516316 -0.0768021298372854
51.223565950379 -50.1572135472105 198.955881106204 -0.53125852684198 -0.192225715355812 0.825114326735859 0.760617200038979 0.32071714460832 0.564448392960726 -0.112259931733645 -0.0948829171477737 -0.54848914303023 0.0723235987075338 0.647131563394417 -0.108597007502962
51.3861079946984 -49.7798878640571 199.304308808718 -0.310407082083709 -0.816110462378339 0.487453747429675 0.754291052942099 0.100617590396672 0.648784330174129 -0.0492805914519376 0.0714923489778866 -0.408662837755615 0.168000957612507 0.32655799532504 0.541068104120028
51.5622722199791 -49.7040811950519 199.867492418834 -0.0335698102794677 -0.989646711458066 -0.139543736659027 0.837945569292371 -0.10396792100918 0.535759175823338 0.175420621050434 -0.250490159093477 -0.0394041302812195 -0.152056243142005 -0.394727463567168 -0.480083623698566
51.7770803534817 -49.9423094268536 200.360683851957 0.266241535433842 -0.723361273781905 -0.637074495010084 0.798138879450323 -0.205137472217079 0.566474135688452 0.863438044913572 0.0703079818640207 0.572259941829598 -0.0983531637757913 0.0442443832512656 0.271898777486564
52.1092879419043 -50.2286147502805 200.663885445829 0.311188264388333 -0.181399716559354 -0.932875129530631 0.92542633152295 -0.165484967843352 0.340882429170917 -0.255705631410104 -0.645863019845312 -0.077057649397653 -0.139639993237513 0.234907750265793 0.245915056120997
52.4351265648614 -50.6464252808601 200.727282120782 0.426250029593937 0.427700639211213 -0.797109198877898 0.903734992863315 -0.162693172295444 0.395972213370281 0.232441697277986 0.35727131857058 0.730882666735893 0.475949782877066 -0.467332309983523 -0.237468400713023
52.820561846782 -50.9746686355929 200.715097005924 0.36289821025608 0.861928454563747 -0.354096354740087 0.909682406466639 -0.245343267644479 0.335088944275355 0.12318071551385 -0.197638112178423 0.508153763779797 -0.190615436944927 -0.0723199079053186 0.0567365716755801
53.4012881488151 -51.0906385239823 200.613544713481 0.142424936682932 0.965804676964136 -0.21664824784595 0.989156637846766 -0.13095552907663 0.0664815395642571 -0.0518052592315371 -0.140323399846568 0.134987241830849 0.578870981391398 -0.0249720943640723 -0.0424683535197714
53.8599596309441 -51.0217227364659 200.325247898304 0.0558141592146137 0.92306435910488 0.380574523775612 0.998437555868924 -0.0505740626452535 -0.0237636452839467 -0.396767446786978 -0.214541428471829 0.497352058928357 0.0255465799436667 0.0015722782221523 -0.0575497566055858
54.3487643241298 -50.8011256144881 200.113629375228 -0.104532716704905 0.48507741143901 0.868200907586386 0.99409790331681 0.0254888798675116 0.105449872063423 0.129760933653721 0.351159296420072 -0.217211027575203 0.305147554071909 0.0690581659547219 0.468161098571498
54.8253495425778 -50.5196863473903 200.130653163582 -0.267619023632322 -0.193031651571687 0.943990910727562 0.963400203613189 -0.0693635106429505 0.258937735610016 0.267974000120174 0.386442580003518 -0.0494164675469019 -0.141767936211865 -0.062187911828707 0.0422228456982448
55.1716703597942 -50.2131717099611 200.336008748079 -0.27693126375643 -0.715048134691007 0.641884133369369 0.904439208871521 0.0316184985613763 0.425429181534346 -0.188580275979125 0.0572267538911786 -0.165517140671572 -0.138295137959461 0.464190810761698 -0.142662717453326
55.5173109493451 -50.0698073113213 200.735801798315 -0.13445222903652 -0.972455544192458 0.190401718142569 0.915515328222593 -0.0483865465248815 0.399362526695844 -0.256227848499622 -0.0362637458736734 0.0795933997691174 -0.392621417013553 -0.519395643305222 -0.161718172641171
55.7893318548331 -50.0711502597585 201.200967061683 0.0248669935011059 -0.930754937705859 -0.364797037620235 0.946619041914141 -0.095392950423397 0.307916505902836 -0.19294161257849 -0.169297246183754 0.31055825654733 -0.125618358886777 0.250696091358993 0.00532665192539191
56.0732200145941 -50.2941851224447 201.612110044278 0.227190968975181 -0.423692472674082 -0.87685172770193 0.940110316555938 -0.139533295098839 0.31100329962447 0.654419990875988 -0.00642167493152632 -0.0183796781998039 0.0807652432712593 0.0541351870976309 -0.610145198562345
56.3736612807539 -50.6142462912927 201.789981447877 0.344859875640931 0.180796986502609 -0.921077692679683 0.933926937900209 -0.164447851719326 0.317391522946275 -0.51845333923736 0.185623791506916 -0.20577565676395 0.671711033693064 -0.450992989832487 0.161167583020052
56.9086380139354 -50.7771107357943 201.804008164367 0.120523582970077 0.682457368946483 -0.720920249688054 0.991943206062943 -0.054245491961602 0.114481891228771 -0.325298522003668 0.0216586758467253 -0.855893779079759 0.0727745980955571 -0.000243106911692334 -0.0587391406821341
57.4358556322002 -50.5508115030305 203.098438981559 0.666345968323953 0.355769987156368 0.655294412615496 -0.494960570772207 0.868330506610912 0.0318773473162111 -0.243922165297743 -0.0147911241478294 0.148351975247387 0.0795501194697421 -0.287578774266151 -0.187420262745459
57.1016932398513 -50.3401731339772 203.328467789559 0.804490972056028 0.591430889346762 0.0548067430733574 -0.589720306031703 0.806345858260141 -0.0451255759814351 -0.101706836762076 -0.0795954420692401 -0.572012973593095 -0.178622355269435 -0.155952652689534 -0.352970546502666
56.9465659518454 -49.9744184269648 203.673700631334 0.705192322292058 0.455144787124823 -0.543642356236389 -0.527741581172015 0.848999953711395 0.0262278901659693 -0.430126156649058 -0.394707557648822 0.22056764357536 -0.167617890891539 0.154668678992002 0.704320893182347
57.0383897204726 -49.5079683705189 203.852713485232 0.0942103929117612 0.226024946084807 -0.96955511722319 -0.612067819979901 0.781236209352102 0.122649780522675 -0.149830740996116 0.386109572758663 0.719502271496788 -1.019136571856 0.477056959933847 -0.0468080634289228
56.9181392882939 -48.9332241393136 203.833135251306 -0.271862413756682 -0.227660582198141 -0.935019511755365 -0.625679622585898 0.780039050717875 -0.00800557838799206 0.542853906326718 0.0850141431653481 -0.129400951585311 -0.175675457906676 -0.554422407863576 0.113693721798749
56.7764459108441 -48.4360027212492 203.625723041587 -0.529514350657062 -0.605577572343699 -0.594045753224666 -0.655722224913864 0.736465964313472 -0.166271608136255 0.0910007487397997 -0.115417170588965 -0.387912166477491 -0.000371090794880332 -0.202703577609857 0.0953748302560821
56.5316897180739 -48.0532863780181 203.383087038934 -0.597206093117479 -0.792708300026554 -0.122304676216988 -0.757268250980096 0.607499665688116 -0.239768539574666 0.214482202587163 -0.0054895002701251 0.0364459271282792 0.263875171372893 -0.235589146166951 0.0755882282726108
56.199593782774 -47.8911514609658 203.018255698925 -0.600358499338694 -0.617591927644565 0.508084523364548 -0.746137303436011 0.661217352338388 -0.0779149349218606 0.0820636372106533 0.210723965884285 0.204431429289449 0.189073297031431 0.164279365593175 -0.187829194334288
55.7162686675921 -47.7384972657388 202.849136818547 -0.251824730103699 -0.409556713894824 0.876839553677761 -0.849160030340262 0.528128183250033 0.00280433032582805 0.366621611023575 0.0587587072619436 -0.0143731252653717 0.0649430549366667 0.41252039085606 0.0813615226856389
55.1888965357476 -47.7227706608004 202.866174166838 0.109048901137889 -0.0701298606654301 0.991559448418691 -0.916208877946154 0.379832581778628 0.127626414726755 0.0203699533788285 -0.0789997804475169 0.175092573570992 -0.00175267934394434 -0.476896453891498 -0.0441247188195973
54.6908584982702 -47.8197760297245 203.111420547815 0.507215968579615 0.539461645986973 0.672096045010646 -0.819436486207783 0.543432909842651 0.182221067844042 -0.0816170298323315 0.0583660527239544 -0.224503046711494 0.0976968477694138 -0.197630997105855 0.101406476628846
54.2666913732766 -47.646859607846 203.421540615864 0.750032424632141 0.621531168364156 0.226164473200355 -0.660469731492807 0.685687145034188 0.305962208582242 0.311713340603608 -0.185824128934284 0.201685792224608 -0.420531365953789 0.0510376790375677 0.160286907036808
54.0186662836287 -47.3066885940733 203.750062058885 0.710946746579767 0.609447716214991 -0.350896287772174 -0.541266304307283 0.792771483231006 0.280257316149052 -0.342521156942609 0.318906674842057 -0.0790537738234399 -0.0835772282660196 -0.218027563507213 0.224487772531128
54.0131322667671 -46.9363048507857 204.116498613946 0.326174778589662 0.575683281096205 -0.749799155887387 -0.370784568359266 0.807529369062298 0.458710282103506 0.0916173849586645 -0.0369856811171555 0.153799946660737 0.264402954232894 -0.0704442028684149 -0.463855680328412
53.9879813280512 -46.39227680058 204.33639134719 0.049604489135354 0.248097395510485 -0.967464250966249 -0.170788024204965 0.956496684471921 0.236528102531577 0.136461965553451 0.207501019652345 0.360234200286066 0.113836108914794 -0.458579369644381 -0.402406089391399
54.1344719508386 -45.8655530812072 204.352713584707 -0.481746670393553 -0.00741224086514647 -0.876279181635656 -0.311808945025158 0.93597092691563 0.1635041458561 0.406412183049825 0.067054045233997 0.626265437210904 -0.0981877374997561 -0.091682400066296 -0.529783742592224
54.2202233716118 -45.3663131049108 204.077193605927 -0.929053051457266 -0.200870658409889 -0.310662851708361 -0.277109309161162 0.934203331616371 0.224665455339223 0.292705306356031 0.43996553808833 -0.418348426741264 0.870526962027963 -0.658945327972571 -0.150501398178736
54.0053733065055 -44.8344784155057 203.916598831163 -0.842983734940758 -0.531789960001586 0.0811040140891573 -0.500857680915673 0.830910342356211 0.242341879334701 0.118712143101366 -0.081346548736205 0.160244891994508 0.185478820487892 0.132895667163143 -0.0938043638034571
53.659567565993 -44.4536797401414 203.848972133368 -0.538308457957976 -0.69465760498498 0.47715282240924 -0.662893176046862 0.698629860719225 0.269237729290067 0.382264398699309 0.189359425070066 0.635896820486786 -0.334514551607328 -0.21933050905787 -0.385215338146673
53.1745736767637 -44.3361063292213 203.71928237666 -0.069427486337361 -0.278729707151661 0.957856760967478 -0.724953853260925 0.673685434843946 0.143491621949776 0.684792508225508 -0.267702494947675 0.383130882423694 0.0201848681304989 0.250020438883841 0.416902170906996
52.5056498505485 -44.2123412607538 203.839650357101 0.494192069724072 -0.0215166729697217 0.869086435993091 -0.489098127309604 0.819594406822917 0.298409168414387 -0.0217672282141955 -0.257744804753379 0.116231042626657 -0.364648815247919 0.0915024582940423 -0.305429577194539
52.2741523585511 -44.0538807125035 204.309271364818 0.924674881172221 0.274837507749733 0.263516050723892 -0.371227252669445 0.804615717183837 0.463447812723703 0.206414359511356 -0.671322353608741 -0.332899310744972 -0.638519438833444 -0.495854464894399 -0.488477970670375
52.3257486978681 -43.7683392579307 204.80720217478 0.859513768601967 0.346317437764433 -0.375899340145491 -0.153424681221114 0.876355649115163 0.456575999719755 -0.742687634053655 0.279019344197895 -0.0216958516450013 -0.00453293762099409 0.599917470027219 0.157565680999195
52.5554610366831 -43.5058257368759 205.084822812565 -0.131075792757263 0.580821230158476 -0.803408883784752 -0.31352759396922 0.744519355440006 0.589399165860369 0.0705304683401819 -0.133293479257162 0.220474655930732 0.0666151798338995 0.816585924780788 -0.182676678032821
52.6094932329152 -43.0520162052185 205.205595270795 -0.726944929154602 0.122909243490533 -0.675606681306231 -0.357428317331666 0.772345770870936 0.525097141652968 -0.15837579911848 -0.343483486514903 -0.0103281760157224 0.183065371432301 -0.628278347938287 0.424038732636815
53.1052704612152 -43.4844469708406 205.904838136297 0.244558342865557 0.581533984532092 0.775892674013329 0.960561555546231 -0.254510275352116 -0.112009006665018 -0.445406631692387 -0.07327092844998 0.216552114779317 -0.616721196472146 0.146745738289748 0.64888806272882
53.6184614763445 -43.3247847434997 205.866580171938 -0.116096011570132 -0.315398645500658 0.94183088204748 0.90905931921163 -0.415779331764525 -0.0271790587172482 -0.074854866219021 -0.65003002660721 -0.0752113139612088 -0.218835898649548 -0.274416815527101 -0.13235355512912
54.068440604423 -43.3093078487239 205.989498707134 -0.346755449064677 -0.846642325223566 0.40367986241326 0.888282093473567 -0.434623192561556 -0.14851802041616 -0.318783212685977 0.19893826642241 0.12971834473222 -0.0232583426115296 0.137747150235699 -0.116027072005284
53.2264298008156 -44.2051068281264 204.916984355681 -0.706063484299205 -0.057772333998713 -0.705788010119699 0.343764422132169 -0.899317577328493 -0.270284883682002 -0.445973767504444 0.0218875830167366 0.383305989919468 -0.0703149265825135 -0.2595825903597 -0.32583440615044
53.0719373147392 -44.7078440574595 204.856148288193 0.011588612161096 0.329166418316573 -0.944200812314927 0.531861382864354 -0.801640537206324 -0.272939406313868 -0.046949529268996 0.0300392501079418 0.387374825698241 0.352136981928321 0.142581104718252 0.131416340133733
53.0170242547949 -45.1507242365408 204.547558213822 0.453515892463128 0.506165736619447 -0.733566345017539 0.37752061415026 -0.854690431245089 -0.356345973693366 0.0367916919929206 0.0911759063615592 0.0265722504790928 -0.220281400640958 -0.0426998366467956 -0.112516980768781
53.0662977458723 -45.5142552700963 204.176175819848 0.76287166282693 0.602163449777426 -0.235427283847679 0.47297926104523 -0.768022175913077 -0.431778364647597 -0.00937219806691568 0.234711053501451 -0.29441440429683 0.508367341258045 -0.376131195105672 0.670309998696759
53.1059094909282 -45.7093639360304 203.736781138551 0.913132163896371 0.293101544002175 0.283339260530235 0.401673774517967 -0.76558335480022 -0.502533885601096 -0.519214138294933 -0.469783884437048 0.0266135351290366 0.531729154439295 -0.392811453929533 0.0986940929625383
53.446716917006 -45.9067322089804 203.410018525458 0.490755069454685 -0.0223518869760351 0.871010823831129 0.488058306205853 -0.821065729097468 -0.296057694398088 -0.377710439549467 -0.401273150002836 -0.193855977500428 0.474074966231479 -0.151258464486669 0.260576863045569
53.9208855778981 -46.2064440585575 203.169649634234 0.118351901580875 -0.138721962586199 0.983233973319386 0.653305705283483 -0.734815694212341 -0.182311690332581 -0.457280449384355 -0.721935548724685 -0.797009923028629 0.243601373215605 0.505876521899875 -0.510995897214508
54.392190032749 -46.3091598949977 203.153404519727 -0.287536772030897 -0.49923341839917 0.817366869287486 0.635512657713003 -0.737921560317681 -0.227146281433036 0.682620696976918 0.3987331139434 -0.144413485781343 -0.159521165816328 -0.320847937996504 0.452499091565036
54.837019557605 -46.5905658741753 203.275712105456 -0.630232787572288 -0.59844046481895 0.494646988873169 0.61312388323221 -0.774471720396271 -0.155796849112367 -0.478853576947923 -0.328111747659853 -0.0453252977966766 0.0247621105820209 -0.0306939649857552 0.100613817323949
55.1666117513038 -46.8872263627611 203.566027019736 -0.795158620244112 -0.606056549724769 -0.0204506030207404 0.605516725165395 -0.795367907588661 0.0271916733895965 0.566112123981058 0.473911366027088 -0.109187198074449 -0.0665834011394924 -0.370308296630784 -0.0658441651255984
55.3024863093736 -47.1990179550975 203.90634309285 -0.547445294018155 -0.50333732360163 -0.668547073735665 0.509016672418026 -0.834395899228777 0.211389477918841 -0.497763343745735 0.180670863676286 0.18604820586039 -0.233679569155443 -0.11223403956238 -0.186764554723567
55.3603653731838 -47.7791599990741 204.045969204448 -0.227294257741699 0.0166313576424795 -0.97368409609437 0.614272596957482 -0.773397837229198 -0.156604478414551 -0.215522536863096 -0.168564109281208 0.176433853291989 0.582654825053064 -0.343155362472376 0.0982632583700535
55.4894590719409 -48.2947616868547 203.922676165433 0.143105733772515 0.471073165123445 -0.870408422817891 0.722809622594357 -0.650503459901563 -0.23321985064072 0.349325228836471 0.21865856405764 0.0390515483788828 0.12951438871669 -0.439633309812609 0.299048797269004
55.5427937621566 -48.6988958213166 203.609669861215 0.554033595399316 0.702096703153606 -0.44733320370817 0.775006243354424 -0.631201770079114 -0.0308163718211622 -0.43927775207011 -0.0232870043139436 -0.402490144787859 -0.283812104953322 -0.0519933846347925 0.380373723653799
55.812427157524 -48.9655772418348 203.222465937138 0.600715417726146 0.772252531365896 0.206801875232194 0.798096045012121 -0.594397485707471 -0.0986627223987611 0.0342803158077542 0.26621878617893 0.135605571140702 0.0692812233107588 -0.32923288034603 0.345178975358558
56.1399141578918 -49.0225486228808 202.834473778922 0.493591500162783 0.424364855794692 0.759132333954812 0.812837625648101 -0.535525382323105 -0.229145280169848 0.236063081446453 0.470764597775598 -0.142105437596909 -0.0129033175660983 -0.0246128096321468 -0.334767190959045
56.7429205963414 -49.2423546424889 202.699276563972 0.15543467240418 0.340430687920098 0.927333278586811 0.837606603510063 -0.543081266520773 0.0589738580694819 -0.52851110996897 0.394375762344801 -0.313067114427053 0.208971516877408 -0.0910663473124175 0.295812063074305
57.2767559467493 -49.3245733293531 202.728075724123 -0.317431766553431 -0.129102921766461 0.939451706738044 0.76978979403348 -0.613616621940996 0.175779163795256 -0.372403035328721 -0.20538539161577 -0.0628669574555817 0.287112581538602 -0.449719375695915 0.333125040924109
57.705780976393 -49.4059057533634 202.990092771893 -0.658998726567885 -0.498814038541965 0.562943366122359 0.711374358278768 -0.656420893655312 0.25111378473706 -0.344836100042023 0.472156491415485 0.493128843776846 0.260651397377641 0.233533715203855 -0.0734077748879989
58.1151642331955 -49.708446279594 203.328379879209 -0.893153864776434 -0.447097620389431 0.0487841356730887 0.440717726328611 -0.848419687334025 0.293175579025903 -0.445162248434273 -0.615059149100251 -0.165297600495505 -0.00849615089721338 -0.376138870771893 -0.295502332327159
58.192454252049 -49.983806632599 203.771694472437 -0.51170908511745 -0.494854915560769 -0.702333558182644 0.426747306796206 -0.85589028692344 0.29212763582296 0.244103047807603 -0.294804563980401 0.0625615280574645 -0.481798533948649 0.396998996697166 -0.415534741348611
58.3151656189585 -50.5656468780508 203.982941028825 -0.438063416665029 -0.275661042179376 -0.855635105170571 0.196552285379704 -0.958163356848167 0.208062926353891 -0.0373833251040096 0.190903024914974 -0.354377235899461 -0.174383541275273 0.225580500130515 0.100807524994157
58.1644369844799 -50.9838512016722 204.044233660601 0.0828647237397162 -0.211847521370433 -0.973783377650082 -0.101401510597539 -0.973864824495027 0.20323641313276 0.381549041495429 0.0678405582330504 -0.142355232475943 0.180468042745612 -0.653856237576273 -0.303314460193819
57.7647905483778 -51.3485104060394 203.956099648112 0.715818768005256 -0.227269649248062 -0.660266611043365 -0.19565785897676 -0.972955801253183 0.122780335656792 0.215347225191411 -0.0540776051765794 0.236571438340506 -0.266033533546084 -0.071648050809863 0.260109869735729
57.5339652588949 -51.7382428780485 203.771162746366 0.967692095999125 -0.207074946143969 -0.143847050947812 -0.218861965791798 -0.973135788513685 -0.071457519345995 -0.0149547507465105 0.30022846744191 -0.143733977925643 -0.102079291932785 -0.276701695065982 0.398367633006977
57.561990205271 -52.1324717421651 203.350930900708 0.769527413759257 -0.153426949024767 0.619909454140911 -0.197103942277258 -0.980380489630701 0.00203271569978836 0.233436941540628 -0.0178132578772246 0.308007623308902 -0.59743341882952 0.317134678751361 0.323193554433221
57.6136425612679 -52.6245511462001 203.192626166941 0.608220480476741 -0.0313643384576437 0.793148238122091 0.0567463415795382 -0.994944279006482 -0.0828597389331396 -0.543325369333061 -0.324729802817273 0.195039193856829 -0.00633194567388438 0.402601386790215 0.605825032529335
57.8814757074676 -53.1233488147225 203.093292238817 0.0677818332240754 0.0740477750052753 0.994948516479209 0.028255184421222 -0.996984482383816 0.0722743872909474 -0.0869435603867844 -0.190662507146796 0.0968861822696088 -0.604536087509014 0.59091145491726 0.222678518621044
58.1066717407658 -53.5784140469518 203.117394745039 -0.300682044539764 0.164295045628217 0.93946657538845 0.136670728545941 -0.967460921310821 0.212933036124917 -0.0538561726469509 0.0589184567988653 -0.364213830997207 -0.098707248023811 -0.081699528262168 -0.0400650103630644
58.4576276793743 -53.8523991451288 203.415705683722 -0.870794678252635 -0.121332581171035 0.47643995760777 0.123170101618614 -0.992004214113919 -0.0275093695412368 0.174417724406766 -0.0206467670404566 0.69029887123105 -0.121011057259299 0.179148352817951 -0.479739112775704
58.5314479591125 -54.3106491500752 203.633550660639 -0.99338885268285 0.0349984097801862 -0.109332973558268 -0.0325408277664857 -0.999177814063412 -0.0241824483170607 0.181904985331404 0.258529848098141 -0.162997374708955 0.194951367948164 0.100205953533536 -0.133178674013237
58.3791942188235 -54.7730008458929 203.975155033103 -0.805777670518191 0.059368181313313 -0.589234899395094 -0.157731713978296 -0.980537682993366 0.116904063860127 -0.378944711974009 0.02311988155779 0.0124706361209079 -0.0978518764552726 -0.0309409265289249 0.124124796007645
58.0950722300159 -55.2110608147772 204.150426767571 -0.408522429113054 0.219102760494768 -0.886060610410433 -0.391572234437689 -0.918961421191409 -0.0467021593076977 0.108494848593298 -0.383055271934999 0.802192623028422 0.407389597243468 0.37564880982451 -0.00633894322120849
57.5644190035626 -55.4472334731079 204.130415836528 0.289471914069285 -0.0387784379557445 -0.956400671246893 -0.383289578994797 -0.920269542613177 -0.0786960475632962 -0.402715069164403 -0.284755220789615 -0.000709662431721024 -0.167232303105788 0.458696042962042 -0.0831694465614128
57.157899606161 -55.7085472369739 203.885366517149 0.77471210432691 -0.259722759087349 -0.576511269860345 -0.392011446129758 -0.912665974389281 -0.11561940045193 -0.104776357037733 -0.314046749566233 -0.331854055326259 -0.0541950420943592 -0.0627914567050041 -0.0239669141692208
56.9074605121531 -56.0468445916751 203.554109243001 0.943324657286355 -0.317944628662558 0.0951304615982468 -0.316897114831525 -0.94809441373906 -0.0263287262337477 0.106922555780921 0.281042963810917 -0.0303409585181358 0.254687084898044 -0.227495317033549 -0.404737409407571
56.8856303753931 -56.477917288252 203.275681312893 0.781748618977471 -0.251051704755721 0.570825838936075 -0.214658567309269 -0.967775001367618 -0.131655787474046 0.192694808382916 0.0764580192477752 -0.290256166137693 0.152683407403584 -0.846756092580353 -0.048103495462601
57.0514278947727 -56.8959828468744 203.038553705054 0.419957027988969 -0.243456243360558 0.874279790820551 0.0640127445018387 -0.953001521524383 -0.296125765385834 0.0600335333295925 0.0534489942406366 -0.356059470793291 0.546509939082107 -0.0514897677652574 -0.0651324687452344
57.346559532668 -57.3589774351494 202.897668789643 -0.13588212257733 -0.0646521608852977 0.988613244458519 -0.0441926467865551 -0.996479686119017 -0.0712407566956742 -0.323446412681206 0.128291283543757 -0.022639466869079 -0.198350659849935 -0.696259940413062 0.146234696775349
57.5795342824265 -57.8241121178788 202.979813960984 -0.576850822853807 0.0650385823052749 0.814256170668338 -0.00742430842857111 -0.997201466172697 0.0743916390529265 -0.0155067771998721 -0.202462965305834 0.0192295820114015 0.272685566355748 0.235075704877232 -0.303103090221156
57.7124354006659 -58.1957242365853 203.36435195184 -0.977911802307721 0.00163356797970742 0.209011577090768 0.0142657792072219 -0.997116048484775 0.0745390793617463 -0.0507004380698252 -0.537704853206138 0.336354715005669 0.165093101372296 0.113179644972045 0.412466269602089
57.6505458301238 -58.6567446107003 203.576606955227 -0.881873033452297 0.171023240948499 -0.439375699998029 -0.171166319404247 -0.984444478058571 -0.0396378856262401 -0.320912094840386 0.381844487707715 0.228893698929797 0.0862714236078784 0.0417878179477635 0.204191270104851
57.4205272369511 -58.9940719822121 203.776559161578 -0.0704364625790245 -0.033659169008538 -0.996948226475717 -0.107936721346101 -0.993305262308866 0.0411621282975209 0.277189430204435 -0.103286397069683 0.381239478619417 0.178533105775305 0.478915442591234 -0.0788506951051408
57.1661241579654 -59.3910340341578 203.65084063475 0.772388343515134 0.0245855645092027 -0.634674561270873 0.159883024719771 -0.974599607257534 0.156821635556065 -0.524675426081012 0.270188103688253 -0.184211272497267 0.424360945131064 0.553872588741423 -0.0284100962125824
57.2035793559946 -59.8596368551931 203.425800474051 0.962322587500033 0.145516569139939 0.229695811766853 0.118971904845542 -0.984930084327221 0.125532525921933 -0.245887359789351 -0.00686220360009943 -0.18825889691097 0.265037342397091 -0.0519505604419447 -0.731199220146189
57.4010431858688 -60.2910294003904 203.272084787088 0.482630239944741 0.125167485670659 0.866833984642188 -0.0444505679486606 -0.984958937299897 0.166973174942057 -0.297816812086563 0.178860452977485 -0.407955127493166 -0.150826680039565 0.487743769705256 0.495739673455113
57.1431464566433 -59.9608793753136 201.948986837679 0.14687741921355 -0.826049354592177 -0.544122677440733 -0.936676769449449 0.0606424981461411 -0.344904505267461 -0.00883781713862532 -0.1417902396004 -0.0608298573924709 0.088515278854808 -0.466283044705813 0.0444702784766685
56.8784010819573 -59.617284404477 201.624682057204 -0.949516014733219 -0.218628639346452 -0.224990790592439 0.0464984958731345 0.611175523188444 -0.790128071740286 0.314919465659214 0.48636945495772 -0.154032997313087 -0.253094705409918 0.252868793746902 -0.519406366390371
56.9208600922788 -59.5655524760049 201.103867499863 -0.974189050983824 0.0879007111611258 0.207916228009796 -0.130214788219752 0.533545984672132 -0.835687017435132 0.246067196929972 -0.310521777317678 0.545254236420935 -0.331032103867658 0.051885783058964 0.067094509347439
