t = 336789549
b = 50 50 50
E = -1.12272029575775 -1.41328797654159 0.290567680783834
164.407747269043 -60.2206844906329 -10.6969295367041 -0.618344572801113 0.138100275131002 0.773678423670883 -0.745531347963405 0.208404723783731 -0.63304856072426 0.156323317608272 0.144439140378959 0.177788712874464 -0.256364100483738 0.284902486135694 0.00924944830113113
163.913300863701 -60.4313330341057 -10.8177586450955 -0.270292346830872 0.86474731567039 0.423266024142813 -0.753418377951351 0.0837308513611731 -0.652188540398191 -0.277554639637666 0.548402532266887 0.345630991349046 -0.0124089619010721 0.327689055511229 -0.0699115879128837
163.376959135999 -60.4741558751343 -10.8763179483478 0.0548822170663845 0.978424498976615 0.199181932288572 -0.891734718251485 0.137775634224001 -0.431076636965244 -0.222102991791559 -0.402635953842198 -0.516640620868691 0.12555727456616 -0.246080394688077 0.117941779584433
162.914763074256 -60.2964896525366 -10.7477985576919 0.351449370844243 0.827015867999364 -0.438780234171413 -0.834278275856191 0.0639926425780906 -0.547617293551654 -0.0805092353127883 -0.124487845617799 -0.26866745334721 0.258930916863327 -0.195417612776199 -0.038543998812676
162.494629588289 -59.9987925494401 -10.9216654270449 0.61636132256974 0.468796220306466 -0.632715436816975 -0.785413417737262 0.308039779673039 -0.536877320685102 -0.045330585052691 -0.269552973889102 -0.0200197405713769 -0.0706759890674921 -0.158792357774602 -0.222221650487468
162.201001867613 -59.5594039581389 -11.0817426222136 0.58201820651386 -0.260756084522478 -0.770234426424644 -0.790506374971198 0.0406627105643884 -0.611102458742268 -0.354678655995371 -0.323855836115608 -0.574518501164604 -0.0536971703861059 0.216579711944492 -0.128280018183647
161.991663075055 -59.2911480288216 -11.4466088296608 0.250692986720629 -0.837094956829 -0.486235600989283 -0.826048311324011 0.076924349462807 -0.558325023463821 0.00429797462108968 0.102281090349426 -0.0783120733473437 0.199242716776491 -0.209762233798091 0.281950155800866
161.716982487732 -59.2463173871638 -11.8585717769037 0.111497777498038 -0.993294484543825 -0.0305665263623846 -0.772838825340854 -0.0673332223443697 -0.631020116301623 0.100735111951852 0.0649504481446879 0.166399309387369 -0.628165831769051 -0.0395189175654634 0.414901049925603
161.538947206767 -59.4076156331393 -12.3146835511481 -0.180989674198983 -0.858997306333095 0.478922087096318 -0.696542149703759 -0.231825049977624 -0.679033268595471 -0.036629501648253 -0.236917470312981 0.231397290253943 -0.36928910058235 -0.11397780411491 0.556934870026431
161.317491186191 -59.6599539073267 -12.7550247396855 -0.421100420410266 -0.409618950496859 0.809250734533486 -0.778541044552888 -0.2945171027222 -0.554196281263119 -0.031248449750344 -0.133641319132096 -0.135665505967217 -0.366254899198999 0.227218599660274 -0.450696862108562
161.132388164024 -60.1995085750913 -12.9284295017061 -0.455276741847947 0.287919763153748 0.84251130452131 -0.889290331420318 -0.193204505583546 -0.414529522966899 0.119514816145016 -0.0413992424538194 0.912643225203442 0.206151422883094 -0.0681816469562066 0.0309569732994807
160.682092085561 -60.4805403234671 -12.9626438198639 -0.302032395704607 0.67620418249633 0.671955605269368 -0.95131505655396 -0.259232078594358 -0.166728499520098 -0.196216008783845 0.397725213095592 0.585428914088707 0.10572544908607 -0.316880662833435 -0.270921324367557
160.210976450225 -60.6413646341591 -12.7756037454233 -0.215902843516582 0.975215855929442 0.0483735103314067 -0.976395007089762 -0.215317486694294 -0.0170637056514334 -0.567066728538616 -0.600510107852423 0.141199058922434 0.0103173266115021 -0.173545886342191 -0.389647073288633
159.710580925907 -60.6285797068336 -12.5536946281516 -0.0093111832104782 0.925310930534053 -0.379094953408597 -0.99991793632242 -0.0119517270888741 -0.00461268238774314 0.134583514754408 -0.28329700143403 0.195610396324175 0.160849622626491 0.517635452049881 -0.222865209439278
159.383204379337 -60.4704523736959 -12.2822127031282 -0.0931727650698365 0.552133268354567 -0.828533457267309 -0.990458732610777 0.0334667228934132 0.133684245245186 -0.412474659139494 -0.506765363288378 0.0636534564226817 0.275192695016997 0.14528086239466 0.167178852604113
158.972884368774 -60.0665232004312 -12.1906480873682 -0.108616958970323 -0.143147090432288 -0.983723165701993 -0.98929840025704 0.112545790730316 0.0928553727856274 -0.148956961679977 -0.202733640044744 -0.629094269989188 -0.514657292100691 -0.185217488468217 -0.277089792660554
158.676655882685 -59.6877298066161 -12.32231424179 -0.291946674740513 -0.665510238019709 -0.686923039482194 -0.952628596277673 0.266344309803686 0.146831420880392 0.23078647796551 0.165054906273771 -0.70358630745158 0.457610482355681 0.252940099536999 -0.0405943674522804
158.20750306674 -59.4625449908313 -12.3619192968733 -0.183249119124603 -0.842673660894479 -0.506281405495471 -0.931579099530209 0.313335150498359 -0.184340621575523 0.0796073594140596 0.609362162447153 -0.327555130479143 0.526116611210013 -0.350744626951011 0.077064380130692
157.865841669023 -59.3011605811588 -12.7293854440126 -0.258984231874614 -0.946572340519431 0.192166520784992 -0.964026379965159 0.240994229100252 -0.112137951694948 -0.211635897843276 -0.30624093689135 -0.241891297138054 0.168258369005669 -0.0986515675711046 0.241176638981497
157.441756177343 -59.5158517453117 -13.0621455887193 -0.17872487242215 -0.695843251536393 0.695600164788064 -0.97204949091434 0.0154844566778565 -0.234264847563027 0.146358940088629 0.179748907012486 0.330222450616243 0.355211149305586 0.360673470694163 -0.113270389471384
157.063789240129 -59.8085549002196 -13.2289868776284 -0.161575539425261 0.196986476850002 0.967000347995139 -0.953202062277609 0.222576420136734 -0.204610766305497 0.149122978437965 0.149598243392545 0.25123113203034 -0.103178227119742 0.363561436156997 0.0590981566838696
156.280902389546 -58.9839488059135 -13.7779316018236 -0.882522611264374 -0.0282012449218794 0.469423615101817 -0.11244649209823 0.981899369501648 -0.152411989777097 -0.0384544881357551 0.195441751412058 0.330317334113278 -0.0748761107820783 0.140553844451234 0.19078179569284
156.018169627428 -58.5855463731121 -13.9941070690605 -0.313574005721168 0.0539676829666686 0.948028919437672 -0.213190108900057 0.968894598278684 -0.125671137752786 0.386781400385662 -0.712754808596648 0.165816806729416 -0.551353289085627 0.573432872290801 -0.0503292488981113
155.614865130293 -58.22950188431 -13.9608228808141 0.36000918749247 0.109757149757182 0.926470049704319 -0.244870914469351 0.969355827038912 -0.0196854218036332 -0.0124324617413384 0.16048412082242 0.0452075903471523 -0.047036097609378 0.0980690400181283 0.0667820725841171
155.317141012518 -57.8471967816445 -13.7456988273844 0.821419310103107 0.0851159487259847 0.563937578287961 -0.233708171089952 0.952203156248384 0.196696822351766 -0.456311680213342 -0.130327420467333 0.37179830346532 0.159208693371623 -0.262193988056866 0.164304129365483
155.238935482691 -57.4693289157187 -13.3447249642858 0.945839279827684 0.301138555552223 -0.121258513348935 -0.287857302585608 0.950671196066791 0.115596065102362 -0.0940108209468229 -0.106906067267288 0.129349758168428 -0.146814459521421 0.188668071461704 -0.260795295114688
155.314098317649 -56.9151920136954 -13.0915893444171 0.834146832875338 -0.0624982587570356 -0.54798998954247 0.103187422895884 0.993699747264294 0.043739773550521 -0.024541268290917 -0.069947336633425 -0.0788889655284434 0.0683681791888009 -0.472072530867438 -0.252513698329026
155.613164351334 -56.5249866869584 -12.8880715755886 0.206314944771112 0.0405227962195649 -0.977646176504586 0.120623748077066 0.990467750219649 0.0665097520023228 0.0734023724034546 -0.505210411624767 -0.0802668899643291 0.0123020451857997 0.234346146107198 0.189701358225895
155.807675920274 -55.9775738081386 -12.949701983801 -0.102652897399211 -0.255726852638041 -0.961283600014879 0.0101092093260937 0.966070690568804 -0.258079880662666 0.505501457110332 0.616031227576656 -0.180011256461194 0.0829215953414868 0.354239428128206 -0.25255181313392
156.101137278939 -55.639941954048 -13.2228242914076 -0.772189566749852 -0.146966075597875 -0.618161989812321 0.0699719896179756 0.947296344874343 -0.312623664618643 0.113305926885335 0.518200655498064 -0.174399595089759 -0.915673836366007 -0.7126273953234 0.541528901707575
156.170308582431 -55.2260108989091 -13.5298958737326 -0.984814878940501 -0.152918270435293 -0.0821928018666273 -0.121708068398278 0.94574275755509 -0.301260323446832 -0.0181238793776712 -0.383712869287977 0.16731433720967 -0.142429565946403 0.392493843935579 -0.568577116442805
156.116259131176 -54.9194249351812 -13.9230563019245 -0.910890939424151 -0.0156440127642372 0.4123505319783 -0.222265918622566 0.860534697217155 -0.458342553235908 0.260564882541268 -0.831217557259077 -0.423105415642277 0.0917858733611467 -0.330534031776904 0.2432835942974
155.772878975033 -54.5931636250894 -14.2164296171632 -0.533795698490849 0.0197779736759472 0.845382152643707 -0.450781709421439 0.839176365443421 -0.304267773698276 0.243710802667689 -0.102977198777968 0.805032413012015 -0.34123932022077 0.272017738805414 0.321723451814688
155.235537630182 -54.4075601777803 -14.3189088712682 0.37037612153125 0.458641494294836 0.807755846960724 -0.464569356876916 0.844489525590648 -0.266482182902116 -0.183559610421998 0.531677152007727 -0.0555195985495199 0.222033877293033 -0.190701930966562 0.187004222946272
154.787168918529 -54.0344680656564 -14.1718310650919 0.720186614483774 0.403471312183152 0.56439537610018 -0.405271379959142 0.904938136902536 -0.129777027882926 0.360831759870493 0.484134460123019 -0.06071611961899 0.217186990720409 0.391553225167411 0.0768861517383573
154.596260826947 -53.5973476794696 -13.9539344299366 0.919981125420789 0.374555908248754 -0.115510174605783 -0.365195939273091 0.926124948624178 0.094469600605113 0.38465914082888 -0.125169445737663 0.263161341947071 -0.120859632631552 -0.306143759218311 0.191531575406361
154.505934132333 -53.044318645044 -13.6965836664236 0.842344415675393 0.0827674944069249 -0.532546173812377 -0.0932565496944187 0.995615858624324 0.00723035172820225 -0.0676180070654181 0.0838209614460032 0.0758680262386855 0.2142863210157 -0.0277393426832782 0.0324544897571128
154.667160100329 -52.6547957053529 -13.4750444799256 0.340449105115238 -0.003704873229813 -0.940255646458701 -0.00010010287980133 0.999992088676898 -0.00397649709551619 0.578842183143559 -0.016462887636264 0.472520265342537 -0.460993712328858 0.539849796614007 0.0204645822143244
154.860768498877 -52.0860975615112 -13.5750368841136 -0.241531998170453 -0.331343319807627 -0.912071213345028 0.0378673483505702 0.935964768027901 -0.350051448929292 -0.436445747518279 -0.345675199804783 -0.142526666628062 -0.120766777517055 -0.0182556945877538 0.244291436780678
155.090934332376 -51.7450591227384 -13.8036305985707 -0.558173012315618 -0.295329471015677 -0.775385963174384 0.211138935002872 0.853190535611301 -0.476955197141888 0.953592292038871 -0.393452718179069 0.0724273062455786 -0.068032243977524 -0.243654584525709 -0.0969630112110386
155.308695197423 -51.5513273834387 -14.2006573643057 -0.989347083716238 -0.00296881123360238 -0.145545642722365 0.048901314970822 0.934918426836319 -0.351477163655108 0.439391090526942 0.133540762009227 -0.0797886252322538 -0.0795459546524548 0.295644790504222 0.214356084576777
155.294211643242 -51.2894599838893 -14.677304230085 -0.905597461339982 0.251834398830058 0.341280930391952 0.130198038897792 0.930855636812249 -0.341403359675601 -0.187746291627448 -0.188072870015841 0.0430096170467111 -0.745778474842166 -0.713744148716813 -0.0896988077548658
155.232051805248 -50.9808624351481 -14.9922196112956 -0.441480597697937 0.40087962785692 0.802739313740556 0.200438537898669 0.916099266844392 -0.347255706664464 0.0436010836930977 0.383706121489267 -0.647472130752782 -0.549845368977961 0.363919572529726 -0.66961685898122
155.112496391965 -50.5553469623337 -15.1740593392772 -0.0846118166810395 0.327495228287769 0.941056701672163 0.020957267662976 0.944819475906874 -0.326920404379338 -0.242513682376967 -0.305358169525082 0.0542025139457976 0.234301247363427 0.0282256033300269 -0.116579915744989
154.781436023648 -50.1190430727214 -15.2255543928739 0.521516224895021 0.205086259360862 0.828227295688742 -0.0437550412627355 0.975834505897466 -0.214085294638847 -0.65981305696451 0.310302150186253 0.195818608989692 -0.303649426204758 0.385105041615723 0.367653897172613
154.51139426299 -49.7355176151339 -15.0590592413223 0.901463864008819 0.262740012149106 0.343992133424219 -0.154072101124285 0.937425592916127 -0.312241966022496 0.108166496960578 -0.347209452941022 -0.503006386935212 0.29412814455855 -0.320708558812896 0.0838832747866683
154.429964332572 -49.2153429274107 -14.9676982552239 0.994915168559504 -0.0145071259291736 -0.0996661971510412 -0.0107073638170173 0.968728669314389 -0.247891342737917 -0.122165147019874 0.16946445339779 -0.170261381106545 0.194977486851629 -0.339145833900486 0.158081471203278
154.581372735859 -48.7353236350463 -14.7678551386984 0.706426474047295 -0.228789466364198 -0.669788785228461 -0.00804183252127701 0.943659227110597 -0.330821087598719 -0.200828227924991 0.470592522903569 -0.332037645600717 -0.465948726583236 0.579099394497254 0.0173800343287019
154.813096195162 -48.2548512130513 -14.6924574098683 0.14676022084784 -0.360855385686053 -0.921002078139816 0.0246392768310237 0.932128469562995 -0.361288557967639 0.420459424740483 -0.145030651822481 0.48073647556589 -0.296207282484757 0.17171352973976 -0.250089203244031
154.161920424345 -51.1417321872423 -14.1930743864482 0.787095335499937 -0.082406568225062 -0.611301963437307 -0.0638563786702277 -0.996596801830872 0.0521265535261357 0.768598238996479 0.61105061035781 -0.0570608656777441 -0.0230103571009354 -0.0188552081964326 -0.2308685699047
154.109532948536 -51.5281229387402 -14.39443165207 0.97638679040293 -0.0160482151657072 0.215432797608179 0.00844537507430177 -0.993638992333007 -0.112295273892531 -0.243707357008158 0.0584805053385775 -0.146836632068517 -0.560155062601455 0.322119004676718 -0.338481676038185
154.262909389215 -51.9893126895469 -14.6091199189711 0.695818666555987 0.137467333727802 0.704939086313195 0.290592382158573 -0.95147062358513 -0.101290275301154 -0.13505630487416 -0.0719364797002146 -0.240710804453305 -0.0757818129296075 0.0543267994669301 0.316890404131084
154.582739628734 -52.472459805722 -14.6277628059636 0.27861527863388 0.368585795697291 0.886858521845282 0.54391463281534 -0.82161688839764 0.170594727205137 -0.113779485005224 0.385360765745884 0.135901252670259 0.0806463285203142 0.393746573496623 0.0890123600394318
155.093744876153 -52.6825944158666 -14.6309349053218 -0.241301548372867 0.112889596199199 0.96386176490858 0.39131546216648 -0.897567004244518 0.20309032968121 -0.134257028864677 0.556956479281748 0.0217979019131528 -0.12994480917029 -0.31291246411944 -0.150572941987804
155.482181372433 -52.9419422253218 -14.3297018892126 -0.801433175867798 -0.118732070166385 0.586180484261834 0.36075644662929 -0.877692841746656 0.315452154464203 0.479930300665309 -0.0702953110209822 0.302773954146637 0.167908136931843 0.138177724614451 0.476859775885288
155.710180343807 -53.1895488710061 -13.9648357398588 -0.959140208952707 -0.280041493744071 0.0403338726371818 0.277385528404389 -0.902649467488501 0.32906109975822 -0.305356363593654 0.280142795819266 0.250958070099326 -0.683253330475784 0.0236265411641264 0.356019286230612
155.694538905324 -53.6054322027911 -13.56977260921 -0.780324246386541 -0.328092242847084 -0.532399803384254 0.075019153993028 -0.894290256161761 0.441154240862083 -0.244119847484064 0.182609308572246 0.393919208691565 0.139173535656688 0.327428889345621 0.652801892525969
155.560962612962 -53.9755567159648 -13.2758155291146 -0.227430022501177 -0.307318081957319 -0.924029859510703 -0.0945455570527989 -0.93744473284267 0.33505001186503 -0.0106050418115935 -0.0130039939991792 0.521484516898359 -0.278369292916252 0.346693316611354 -0.348420902749621
155.265912254145 -54.5091484581556 -13.186421382473 0.333810185308229 -0.069573645421971 -0.940069288922443 -0.0546991209613111 -0.997021765588147 0.0543654767691369 -0.0318368007445431 0.475425516503847 0.340438756667676 0.280633061756478 0.417300818484574 -0.0678767475833906
155.022488776484 -54.8907159545065 -13.4090843474752 0.913301613382567 -0.0808647892662465 -0.399175461123105 -0.0815097361010328 -0.996553723791132 0.0153895567158463 0.182103235799386 0.36126740516459 0.00297099952850458 0.180520841046725 -0.043055209393913 0.745363706242493
154.980815113343 -55.4127549422027 -13.6472316686493 0.986678325724226 0.134313690006875 0.0917916896063719 0.130712289068023 -0.990434238753634 0.0442076491181472 -0.000112471436829604 0.397498552458923 -0.245778288837253 -0.271908625972527 -0.346598923951207 -0.327763911182263
155.180704307539 -55.8703610056681 -13.9738982195556 0.739435197628759 0.194080690876872 0.644645851565012 0.323795018493123 -0.94204561689083 -0.0877886194236357 0.70959855013945 -0.0107393756600405 0.367034796932949 0.324465312715559 0.0932987615297405 -0.163927374007661
155.566015051163 -56.2537954294413 -14.1239521166399 0.237484870693873 0.165227079560395 0.957236098568354 0.481259976125594 -0.876000646743001 0.0318072682381272 -0.11128951809865 -0.0467303899802734 0.104286009808102 0.121316164078997 -0.435284847404767 -0.0859772032741697
156.023331144856 -56.633712845236 -14.0354886351732 -0.335776676008493 0.128832189651527 0.93308964772819 0.415474043507815 -0.868775703110581 0.269462607417767 0.0404807195475705 -0.506224438829406 -0.291100311345927 -0.0355029753935779 -0.135507416035458 -0.64151957294321
156.340371708572 -56.8843030391254 -13.7071994686618 -0.847971517797434 -0.0614196080990836 0.526471211691307 0.24385543117629 -0.927108829542924 0.284611571902392 -0.00586799906081587 0.335721020137145 0.61978823811865 0.0764778831918773 -0.431189500207136 0.0291969179654072
156.511923409977 -57.2307783991515 -13.3519999494875 -0.991433468118261 -0.12209464543366 -0.046395859866081 0.108752292938266 -0.968391948185576 0.224477111072386 -0.0294520489856414 -0.761914900311873 0.11080058444862 0.332436718506123 0.477288224161382 0.326384200115492
156.320379116367 -57.7384820832469 -13.0756751008741 -0.813687523292644 -0.0685359879837073 -0.577248155260106 0.0189244534422883 -0.995622188461427 0.0915331789409174 0.0381984980819883 -0.258779947368226 -0.300617928605104 -0.138760061501573 0.214941414911799 0.395994624829438
156.09716643612 -58.1291184865804 -12.854670662829 -0.385684862306123 -0.116655984150693 -0.915225965701753 -0.083094613637737 -0.98355122111816 0.160381671611128 0.110518035257992 0.0445711003052216 0.467445755091044 0.413578820179493 -0.0451058088626297 -0.229004199450603
155.737687254096 -58.5273540629606 -12.8336428400085 0.397435587030557 -0.12619582545768 -0.908911199143676 -0.0663829144779441 -0.991857251917647 0.108685328319041 -0.0100223165674936 0.400535565785121 -0.109445768575113 -0.158304406104868 0.0897285378986863 0.659895866956791
155.521854779663 -58.8645963150796 -13.1049588319827 0.942678491406756 -0.176599092136781 -0.283143113043182 -0.208071763395611 -0.974414167551539 -0.084989242373401 -0.869851099910103 -0.0826423716165346 0.529297494700201 0.30037747580153 0.27301201674381 -0.206242111039256
155.441861647673 -59.230500369184 -13.4474044562747 0.830321983690332 -0.169963229594705 0.530733364273057 -0.227293256255395 -0.972829351640883 0.0440548315624774 -0.349568939810376 0.328595928291799 -0.484264824190152 -0.765316256585384 0.233420930128514 -0.315852031268344
155.590018357853 -59.6409345893464 -13.6905425661638 0.0619875212911991 -0.137228627472159 0.988597921785451 -0.238616943944399 -0.963816447136753 -0.118826807827682 -0.339477948885016 -0.273857862251413 0.0199112014714357 -0.138913233075996 0.239408892636082 -0.195641734307789
155.726944341843 -60.161973916275 -13.6270279211007 -0.342749382105272 0.137070894537758 0.929373138697895 -0.193767821587241 -0.978340187171483 0.0728320635464182 -0.156686260141813 0.0303303701162712 -0.516054251167446 -0.050488375519712 0.134540749743279 -0.660592536599695
155.898153898454 -60.5362440633221 -13.4023377285249 -0.788917122040665 0.139941655484236 0.598352828658087 -0.0324137923832033 -0.981844980034403 0.186895107348908 0.0116460572841784 -0.39426496208852 0.638142493424968 -0.0273773867157011 -0.10815831968864 0.275083268106612
155.95775758631 -60.869809760765 -13.0653927299386 -0.99965306574792 -0.0151840316860634 -0.0215219244939197 0.00724345688329238 -0.944085515687211 0.329621102596577 0.218321537034063 -0.358046304167757 -0.533903211564115 0.545369234179819 -0.135114012543488 0.0631733371130821
155.846830549968 -61.217341279059 -12.6786913314653 -0.844436204963001 -0.132510294545394 -0.519007242296024 -0.107836510240905 -0.907026982648629 0.407029900345282 -0.00494662477416484 0.604757356903762 0.172981489851063 -0.252637506340384 -0.00568148109663897 -0.271885960425413
155.552340861139 -61.4497051817438 -12.2699550997979 -0.388480476134023 -0.340536175251038 -0.856223121057747 -0.277987851117947 -0.84260050875815 0.461245202991287 0.30636210203861 0.191111384961803 -0.290954028828557 -0.868701566140212 0.277587109962483 0.0541592727246443
155.209245712636 -61.8736517104639 -12.0338531707524 0.168054108239133 -0.287790341231816 -0.942833249423798 -0.291960710187869 -0.928055632189412 0.231239458742925 0.261260902211764 -0.199101818314424 -0.0862893195363319 -0.283266572499592 0.219989497407385 0.218702069477353
154.780241594292 -62.2596941769751 -12.1096956077737 0.69765986010178 -0.239893183337518 -0.675071833347531 -0.283173085700753 -0.957879719896455 0.0477435412296968 -0.36653475999353 -0.15054542264793 -0.722680398746057 0.028726097817339 -0.164043396217553 -0.161404029931381
154.51970252979 -62.5916459590357 -12.3563296957857 0.939992294573639 -0.295030335014913 -0.171381409799698 -0.309044871952551 -0.949074203611306 -0.0612325344752226 -0.379745735135536 -0.0632080862352484 0.174826849504347 0.188873657212664 -0.404417374795177 0.43440864249789
154.488157507676 -63.0295606294262 -12.5734450105549 0.931110962486927 -0.157995407588896 0.328739754817049 -0.102411406472316 -0.978300037044374 -0.180113688518277 -0.0852846948047525 -0.0794972719107823 0.02537258110968 -0.55486866378133 0.0257722325622152 0.149807400641673
154.742934696565 -63.4031712150366 -12.9416966544657 0.500796033764446 -0.276955382278182 0.82006039335057 -0.276857718147161 -0.94890894957948 -0.151398841723871 0.114403015370417 0.0825903736615586 -0.120201702968945 0.393117897416538 -0.265880222579501 -0.191567215895559
154.821450580329 -63.8882548163333 -13.0274387880864 0.0133562436035824 -0.029367139596749 0.999479455455832 -0.153396130785989 -0.987796553018499 -0.0269740043447355 -0.120369167926343 -0.0208496750063507 0.0390845364771154 -0.00181622381309249 0.158103699561931 0.195645389603243
154.969333766552 -64.3939574014544 -12.8840081614803 -0.492648044123096 0.254898440350698 0.832060508388691 -0.245575776527788 -0.958000644280159 0.148078706844739 0.178829232593136 0.255712684778543 0.475787801635447 -0.201641550875465 0.575748334012033 0.693680662234475
155.073267712325 -64.8475595230987 -12.6826285107263 -0.874087230511494 0.291223653923747 0.388793385551226 -0.224087785485077 -0.951853932172426 0.209185936361135 -0.0571706648450943 -0.119880007006794 0.0810519878536912 -0.120015387332675 -0.224255568162309 0.272677054255329
154.920924093624 -65.2320747350375 -12.2837329826199 -0.903736841247623 0.330532802189393 -0.272043724033081 -0.364529481953057 -0.927375766005843 0.0842166526709577 0.433338185907843 0.3495415102389 0.00952928454910182 -0.138123774272958 -0.309494582069453 -0.0232657721115595
154.654275424445 -65.6409980756642 -11.9895039901575 -0.573203770534319 0.233084246729427 -0.785562964593441 -0.319429212306881 -0.946407344952571 -0.0477296103065264 0.0548986039592625 0.233845135322361 -0.827933266534388 0.0716607889541367 -0.225167504014731 0.25603705206191
154.252217878117 -66.0507622892137 -11.8976493545541 -0.210022020182463 0.363195465957695 -0.907733333350893 -0.393526803419898 -0.8813145241873 -0.261574777834747 0.325103525432232 -0.263343069206676 -0.380534878475437 0.110041136026398 0.455550878185241 -0.184406153227769
153.86944889174 -66.3724024094404 -12.0700985407094 0.277215473421094 0.261540173187384 -0.924525997004001 -0.524437432511138 -0.765067156123465 -0.373681182327918 -0.172259567040864 0.143517283599962 -0.567435583164048 -0.191175547675644 0.0921085429861475 0.541236081655938
153.420815195088 -66.5725845655009 -12.2861352328234 0.726740257034145 0.00186373460282072 -0.68690983782905 -0.426661866748762 -0.782479936301615 -0.453524862340231 0.0841755235107437 -0.1339906528046 0.37408219937652 -0.465969375708738 -0.1287259535092 0.537045154515218
153.099441012651 -66.7193119818072 -12.618208224099 0.878721360089857 -0.399839484548106 -0.260724294845783 -0.475947754165431 -0.775534685962656 -0.414752560184007 0.0147097155649832 -0.129424633308619 0.277134234755408 0.215278094803051 0.0115616492833862 -0.416957416960237
153.014134832227 -67.0395942664015 -13.0593862937287 0.691702012763374 -0.458991015834774 0.55756216955976 -0.417820787101383 -0.884062072633744 -0.209427891170925 -0.0538457099739481 0.130582203590736 -0.111052953364948 -0.0400908354716574 -0.216820847404484 0.310256058069787
153.087641165855 -67.4148819314014 -13.294716830153 -0.124729410320211 -0.326669277375948 0.93687232716755 -0.572825516170653 -0.747275806457615 -0.336823094663257 0.0939743722795343 0.325045055550149 0.139978374301369 0.100166768788813 -0.0200609416948648 -0.117544101788253
152.694705642795 -67.895605291288 -13.3776418986933 -0.0592406985495302 0.198224003927044 0.978364852064422 -0.835268264028877 -0.546541873441754 0.0601573563501385 0.388301775952313 0.244359217990269 0.268130999813934 0.0690594788153204 0.134388281462984 0.222829301492244
152.500051824791 -68.3866296897825 -13.1792552814001 -0.308374221350027 0.824718310555572 0.474072829658063 -0.870746293149607 -0.445384023902916 0.208408167301639 0.448845413700572 -0.436135153166976 -0.830542860956376 0.0344086080037742 -0.20252244059148 0.403820037024071
152.126524088227 -68.6155491250712 -12.8858044304337 -0.434278247488824 0.89677544170011 -0.084830483752174 -0.892659744195555 -0.41583558801389 0.173894637306184 0.173379122889519 0.274194717321584 0.127222815910042 -0.138101440880157 -0.0833395906489529 -0.442415180770559
151.683282226706 -68.4838308704283 -12.5376526395139 -0.515770237019638 0.290998947943382 -0.805791955120185 -0.810473609256515 -0.470592394944423 0.348819905584972 0.10269392076405 0.0719134529523701 -0.491086223155502 -0.654429311240174 0.127545527152501 -0.0376465226830811
151.241954446631 -68.4006309820175 -12.4106740389846 -0.0663135945280253 -0.633553427426372 -0.770851841649189 -0.842138358743091 -0.378820674796712 0.383794060765636 0.0460112209754833 -0.303088825107042 -0.166874706744622 0.115729385453095 -0.46411799621211 -0.155706022975011
154.193734283271 -67.1341024169773 -12.889956020142 -0.895750377664965 0.272138132260672 -0.351528232133463 0.274434813059423 0.960582972760215 0.0443383125080386 -0.366976968756354 0.281923534307549 0.201098407803129 0.511536251465986 -0.238712905177904 -0.743471193695673
154.319568584749 -66.6835533475819 -13.1528889031935 -0.791044304163822 0.137479064892826 0.596111076532867 0.293419718448204 0.940289072970388 0.172514718437973 0.215311381408542 0.748954829731634 -0.364673262069165 -0.438433510792165 0.0715216287019024 -0.0562136700753323
154.264151168286 -66.1012582815763 -13.1690283605342 -0.375922111827328 -0.231912559364508 0.89716170818906 0.257414516072994 0.903935540243472 0.341523507232826 -0.079644525142371 -0.00414883574086586 0.58494581035518 -0.0601133530062132 -0.352471634614612 0.156174735469862
154.187290521642 -65.5760949267625 -13.0942935871122 -0.00657536966755592 -0.466727499876552 0.884376732768154 0.0576620649507454 0.882747326700478 0.46629630445288 0.39612201903704 0.392041718679936 -0.516868835981657 -0.329242033077723 0.208468313939883 -0.310711913479799
153.866862758481 -65.2334310644806 -12.8147921151059 0.652249725291293 -0.361270167790632 0.666373890330359 0.127998604597461 0.918985744718255 0.372936399684324 0.901371995310413 -0.405668899931669 -0.000526956288705179 -0.0282367891761979 -0.214379744760445 0.158659813433411
153.793923394573 -64.9279077057543 -12.4298272038175 0.977146373348002 -0.212540378265571 0.00339891142802828 0.203194353125904 0.938635358827374 0.278703638121155 -0.570766265702316 0.234429982619313 0.487500268776028 -0.106954506749338 0.116611304149903 0.0187975662779148
154.023872902553 -64.3974745662526 -12.2002786787344 0.835361938314551 -0.411416269783791 -0.364564239721941 0.446593304837619 0.894631906925464 0.0137175460712013 -0.178098747384051 -0.0814684932247395 -0.285079840926193 0.232766184947057 0.0126917391016784 -0.262894457346944
154.366426439522 -64.1570133354094 -11.9291846429111 0.50489639216101 -0.131004478228865 -0.853180789672093 0.482501073913447 0.862408788865586 0.153113665483378 0.0490113332345609 -0.33901186284902 0.312167026689974 0.529053182917685 0.0897314191149797 -0.106997954689445
154.808547841345 -63.9394245792452 -11.8473090526221 0.0233039388269437 0.0146896847459353 -0.999620497781223 0.580467084307387 0.81388457034175 0.0254925516617444 -0.0232243159037874 0.232239506617781 0.0885816486912437 -0.15512317503178 -0.147873992922143 0.0897568188971721
155.273061074541 -63.7096163988367 -11.9501223661018 -0.482061359994407 0.273076110725679 -0.83249401374857 0.422744668169998 0.90475650908018 0.0519865828025981 -0.440715871386317 0.0236694644391744 -0.179321357979449 -0.00742097037465162 -0.207443536103194 0.0614614074215972
155.605543009961 -63.2520911938277 -12.1139888735496 -0.922512562013564 0.201199635900243 -0.32937710810302 0.269467536601788 0.946711537807089 -0.176421401087595 0.265105499191017 0.00924933587891979 -0.572376219102426 -0.335839454750376 -0.14354492275527 -0.245861966838274
155.701419258496 -62.9290819824753 -12.5506238634912 -0.957244495624478 0.214055380703932 0.194584864725356 0.156209167576302 0.948639391611125 -0.275103618007561 0.0796478853112576 0.0735415507630349 0.0518282392403146 0.0897372183475768 0.000300702406604474 0.346736195505543
155.554839385827 -62.5515753795748 -12.9281796319667 -0.526641555518622 0.298911245395792 0.795801947303125 0.0460344646427593 0.944795620649782 -0.324410331523044 -0.182083884901021 0.0131697403381881 -0.510631209679163 -0.230004130738255 0.0361159657182927 -0.0225162873695749
155.177455757217 -62.2085299765024 -13.1660320843053 0.140512545765004 0.347660232425746 0.927032139238847 -0.0929797032793519 0.936817062928147 -0.337236660698867 -0.230878057831737 -0.0385441483277489 -0.101453254862246 -0.0457998089358692 0.135403058763376 0.163336773378942
154.865843485745 -61.7652509160885 -13.1611719172581 0.660497638888471 0.1968321147145 0.724568828789856 -0.0452053791835048 0.973700568463292 -0.223301761465637 0.214658044684073 -0.43489120775101 0.0186573511444502 0.348087801772393 -0.120629655131635 -0.119909026415711
154.777512878715 -61.2561956225742 -13.2154330993183 0.899442082871669 0.00373283170607502 0.437024033135232 0.0267973520036744 0.997610979266151 -0.0636728826882144 0.282619967767643 0.0628932578871188 0.0430007049246307 -0.0863343079020553 0.404941887288575 -0.064514198989821
154.739986186716 -60.8396411935497 -12.9490996311056 0.977539319928434 -0.0116704402529148 -0.210429747875505 0.0211294504391132 0.998861970902455 0.0427587342371508 0.63849486177222 -0.277502154994492 0.262598873153999 0.285890383907997 -0.312900753658253 -0.233409978230482
154.829529543462 -60.3342830239323 -12.7881021289413 0.860133069456998 -0.272150353038708 -0.431399221315037 0.330150992023405 0.941745263979234 0.0641574641700978 0.344909330687411 0.160323324018862 0.294124246006552 -0.0858190590026177 0.181421911197735 -0.19323943933407
155.201125236087 -60.0355748146346 -12.5361906294143 0.477534582963512 -0.0419375797782214 -0.877611509391527 0.371468841186858 0.914831583738964 0.158411089814676 0.323407148548385 -0.800536184719988 -0.346538538864671 0.0265368685566828 -0.241855067491952 -0.280821246421758
155.679432174903 -59.763471647372 -12.4896629376328 -0.19207664187072 0.0628438618915716 -0.979365719537592 0.347065090919326 0.937807850004686 -0.00789044380632302 0.00743295561671255 -0.178038654187195 -0.0921841503645093 0.200504540320274 -0.0720116509522391 0.127012102391208
156.058313790009 -59.5351200125012 -12.5877161119412 -0.761335047515468 0.396793726305482 -0.51276084499916 0.42083924710347 0.904051275751693 0.0747369980886426 -0.526279717984774 0.114542502111749 -0.0855744409150849 0.186359360250512 -0.125355927630103 -0.314826937864311
156.79982122335 -59.952613006192 -12.0694931603301 0.168294253392691 0.0595981046986569 -0.983933488709522 0.954996134022285 -0.257191559643338 0.147766321133727 0.0597866843676998 -0.505543188754361 -0.113193037306919 0.0607748078485942 0.0490394330822684 -0.58984809052177
157.240549380266 -60.3156997872715 -12.1841516047484 0.167230735693707 0.670521010442206 -0.722796967008017 0.980020789842098 -0.19311671181862 0.0475939807829605 -0.273562606860054 0.208015251529775 0.184533298771784 0.0183560845892652 0.163749227433291 0.489111740806766
157.619694912861 -60.5103427588909 -12.5678519480925 0.163168352489398 0.96875068410582 -0.186810601308354 0.96906991478249 -0.192903714718383 -0.153920944267203 -0.0421967148863066 -0.559502871679987 -0.00431293502405972 0.13462194081903 -0.217045067827457 0.41240388521062
158.041353567058 -60.5758236545888 -12.8585063358804 0.105623081652442 0.94755669243742 0.301629042364553 0.956255794623662 -0.0135734696905815 -0.292216728017912 -0.388281430137338 -0.0897192828515518 0.0737459134317145 0.128349542188202 0.4299751352382 -0.163423677727977
158.368471787812 -60.4125922050326 -13.1608070625133 0.241492743579754 0.531688682810645 0.811781004548129 0.923021170688115 0.132349418988557 -0.361269358980632 0.222026053516706 0.134926838682063 -0.0243496659155234 -0.168522050044518 -0.259243876109212 -0.0434766712234061
158.799616641031 -60.1232523615494 -13.3630979494147 0.140630433723747 0.0351801129561574 0.989436931158097 0.982863736928901 0.115331422511576 -0.143796862239549 0.189212680204422 0.0141116949779595 -0.020468755641848 0.245241743694006 0.122151763077083 0.451425993640277
159.284011728139 -59.8406310292797 -13.2917355448968 0.0333486500824864 -0.452434092448258 0.891174090469677 0.983970472784238 0.171157382742978 0.0500725375841538 -0.0215422891916118 0.488360962806507 0.144298591504505 0.816390639701941 0.0753136666481754 -0.256882404943248
159.71764535986 -59.5970826362969 -13.1054823705124 -0.0343617894948846 -0.828759530226667 0.558548931060167 0.981397991289671 0.0776448402999804 0.175582634082986 -0.413638601543595 -0.806715846649636 -0.056264750220357 0.0315038347217325 0.513202159755059 -0.102635307761883
160.042829128244 -59.4327580037141 -12.7584009362602 0.0121595784742437 -0.996772686529029 0.0793495808178883 0.913398955656682 0.0433631788380737 0.404749283501509 0.0749900407964372 0.130978435761025 0.27444260871099 0.058820114535036 -0.10552465439428 -0.339346103943848
160.300111441769 -59.5320432772381 -12.2944964361891 0.284352767815099 -0.837978407105259 -0.46576355874542 0.906452221949762 0.0767727744557507 0.415271369614695 -0.129176997426762 -0.658824177405325 -0.115616354328221 0.193240735881127 0.237105608960258 -0.246795079881436
160.531828109747 -59.870155490859 -11.9135887742948 0.450320546443257 -0.227744353011398 -0.863333026773053 0.8842958393829 -0.0198946040914611 0.46650302589741 -0.287812247154076 0.0689035356337961 -0.08795774428911 0.457981580279848 0.0965282485572109 -0.0676055649457584
160.913514332076 -60.2178319593799 -11.7714822410424 0.376548501347146 0.43902113619876 -0.81576446855153 0.911270255158301 -0.0170528916925021 0.411455612424312 0.403924818299383 0.176079588521608 0.192727219487616 -0.091256216454857 -0.89739758485486 0.354465585565345
161.416803148725 -60.3952523834652 -11.7405856917918 0.000680157760110712 0.85848512019649 -0.512838020893683 0.984253343995112 0.090075732058237 0.152091147808035 0.267979724881998 0.354613178607167 0.1177676965847 -0.26475750016376 0.0837208300685266 0.377388310362935
161.956819494011 -60.4025067550928 -11.9485574251516 -0.203200514203973 0.975294560337394 0.0866606692235527 0.970873640208574 0.189220314853534 0.146969545081823 0.505449507724641 0.089360593003479 -0.282301923614513 -0.0720412159129516 -0.231956281008683 -0.503606729729646
162.36574503048 -60.1694128385801 -12.133027669821 -0.299583027974974 0.678094634134217 0.671146538734272 0.943186387862759 0.316448660565274 0.101290092969309 -0.249445528280388 -0.272568827786274 -0.0691452848947082 -0.012593472541206 -0.252527195718017 -0.0609780895830419
162.871738755756 -59.8490166133743 -12.0240781633074 -0.600265809191771 0.202633662851112 0.77370573031413 0.798274636138892 0.211518533961234 0.56393041699061 -0.256354886886795 0.197389434370882 -0.264847054766848 -0.531684497805345 -0.393415721729681 0.629994791874716
163.159879489088 -59.4706063839372 -11.723848241727 -0.516829807065574 -0.552865336119061 0.653625941031131 0.72947378298848 0.11519338564459 0.674239189013757 -0.331081044209872 0.0930989696965661 0.0722684309396939 0.00679991244407427 -0.478227678188172 -0.0537370021415796
163.464577876026 -59.3475178714528 -11.1933879197835 -0.473331674479985 -0.831689729964609 0.290257332366573 0.661335039562563 -0.117851097489391 0.740774651469758 0.159470239637587 0.27317070262805 0.332970759163966 -0.202925837822026 0.51495013347147 0.249030042201076
163.562183980482 -59.3029835489193 -10.6612258502077 -0.270598425792193 -0.95115303074584 -0.14860822340394 0.60298534880883 -0.287793991196051 0.744031778726116 -0.11460409653428 0.719294264970072 0.138715027612755 0.338506834181695 0.486041778918329 0.177507940391162
163.55798850306 -59.5166994693982 -10.1838877468477 0.38105103896756 -0.696302659298036 -0.608245602023529 0.697187959110813 -0.215679293112383 0.68367491706454 -0.000914084818670096 -0.3389391064578 0.0536852098471633 -0.571295204642852 -0.143852151658141 -0.121358056675358
163.68932253047 -59.9635543628286 -9.8207175225684 0.56743149776089 -0.308057615865492 -0.763624253578381 0.5947539359446 -0.488026693034169 0.638825251976546 -0.390427891731386 -0.0137070111446167 -0.0981047409363672 -0.315376105133954 0.224612320851749 -0.342530446166811
163.833216549325 -60.365361470865 -9.5995611077275 0.79873508127015 0.523728933340929 -0.296192968012444 0.564728134896743 -0.482685923361707 0.669400054542077 0.0770936339172291 0.042483039768312 -0.161503632135926 -0.18453956073356 0.063484271042561 -0.0650254724116672
164.116783301457 -60.7293192331414 -9.68944633001432 0.594207322798683 0.699255692617979 0.397440730011911 0.409831901432733 -0.688405348578096 0.598444557678648 0.0996839229133745 -0.127944044533919 0.33445087159508 0.590263418277829 0.0823784203719245 0.236776910813457
164.496185718913 -60.9251088585227 -9.64739839869772 -0.10250737992489 0.447285720082011 0.88849745170842 0.577337127780387 -0.700614496541918 0.419310348242039 0.205461456688868 -0.191698832255547 -0.409743890465665 0.298755270778985 0.0108965627083345 -0.408024152644103
165.304835703745 -61.2671582717263 -9.44098934076554 -0.248378289865854 0.703030132440964 0.666375913427438 -0.154334919856918 -0.707867213119156 0.689278420594385 0.0557691772307441 -0.00483580754062039 -0.191535488014551 0.0738603409437367 -0.476782053255902 -0.133347206064256
165.489243625089 -61.4993804808188 -9.0775188398286 -0.906751563873571 0.420459067132085 0.0318712157085291 -0.357681233705482 -0.806987677816339 0.469930870558661 0.0766877670286016 0.0293017887922797 0.363918478145817 0.138101188803961 -0.104928921611968 0.171898452820603
165.269925443857 -61.674638014001 -8.69281468141558 -0.681752267368802 -0.119868159547094 -0.721696245138802 -0.346451197109099 -0.815957971322619 0.462800342528428 -0.194698210825624 -0.480381939658114 -0.273685576650193 -0.329502099593031 -0.169301857863245 -0.2205263924594
164.869927667128 -61.920243764395 -8.57768147935033 0.26347505474439 -0.460225095063888 -0.847805259085745 -0.284410826603303 -0.876853327123173 0.387606403954576 0.137487972431494 0.115610323089095 -0.0269911955079414 -0.191489682951744 0.120802155197888 0.614574498402499
148.249948620142 -37.2100704652426 -14.0333353812929 0.606663440359201 -0.19826279667579 0.769838512156187 0.794011774808857 0.198376465081102 -0.574623424587504 0.303841792270302 -0.579982678801638 -0.123208776335877 -0.467626847883324 -0.531870977399082 0.0269156234904419
148.619799573028 -36.8908078819395 -14.1351622616204 0.4053105779778 -0.795199802807281 0.45097739474461 0.756160756172908 0.0143838095277409 -0.654227803098939 -0.704446942933207 0.268413425624882 -0.551990329418649 -0.330717808948828 -0.105459348956053 -0.166112930261951
149.161543301188 -36.908357675932 -14.2867149223701 -0.0932464682500538 -0.955535076754066 0.279745981857875 0.84791347533596 -0.223483398886712 -0.48072644041141 0.107071441774803 -0.190893468142195 -0.048873450366997 -0.136518464611788 0.096228154775437 -0.00199815531197141
149.672746541345 -37.1528345443359 -14.2808947528937 -0.565632383123835 -0.791235633337098 -0.232392297314511 0.706300784216672 -0.319354556549252 -0.631784670302358 0.349878598571683 -0.281728620533724 -0.591424044091245 -0.0965308329058021 -0.281759307647836 0.0472773153718316
150.045824321277 -37.451141949855 -14.4237021115733 -0.74199916392142 -0.377492362936882 -0.55401873693692 0.669888992536252 -0.449775130160935 -0.590720808646329 0.529841024432936 0.326053072536772 0.307858330695112 -0.325666299213246 -0.306182637243468 -0.43601851068548
150.249440734461 -37.9071125182876 -14.6239217258792 -0.673873559891714 0.251006784674563 -0.694902883146379 0.571933447421342 -0.418208128894468 -0.705686964125342 -0.0550192923313908 -0.347198654711722 -0.169685586704294 -0.148664876368325 -0.368541174325381 0.182732448368725
150.237204346002 -38.4026775688888 -14.8652745642869 -0.27458580302172 0.716080491103863 -0.64174088836082 0.400176493327016 -0.52175007899273 -0.753415974018656 -0.190217769840955 -0.1935372339828 0.164996175553422 0.0187325948128844 -0.40127500827838 0.0488274636184134
150.128915463135 -38.6907430464133 -15.3746975130718 0.162259635240649 0.955329437388664 -0.247017158000508 0.369130567763991 -0.290925251799844 -0.882669315935669 -0.0154587117245132 -0.391765837677098 -0.0358870204313247 0.0934506813837738 0.47334299452987 -0.385097269547226
150.058445423926 -38.7191198833264 -15.9260126220922 0.629966720753219 0.764373098091617 0.137388858804485 0.510770844635493 -0.274521244244691 -0.814709292466285 0.123871145962271 -0.353555215619269 -0.193296196083948 0.317353237740337 0.154362450205424 0.0468683748250079
150.237407113605 -38.5720101656378 -16.4547369646042 0.808247109579853 0.292536431375854 0.511037226986496 0.58876752952767 -0.387548000245408 -0.709337257146493 0.897174446211033 0.107968445786402 0.588877631494355 -0.155980841008916 0.204580352320333 0.155403190675325
150.597118137229 -38.3495958811715 -16.8103145862265 0.594642846520117 -0.50543811715433 0.625245708696476 0.56901411945519 -0.284837274825411 -0.771421194594881 0.241096890870157 -0.432381892062977 0.0074814587890052 0.266906973216256 -0.0994962727813254 0.102976166076936
151.185964494372 -38.3474444937933 -17.0297962655542 0.166550813844513 -0.708073665938284 0.68621608103277 0.806793190782685 -0.302236179702215 -0.50767907068855 -0.0322172157959069 0.07397877318011 0.428055850868681 -0.295520686387585 0.0518968216009698 -0.235004876449226
151.75309863248 -38.6343529631959 -17.1687655990702 -0.375506170182975 -0.748519095831359 0.546547600694672 0.731476399805391 -0.601480660453891 -0.321190429744997 0.266581631100957 0.0571381945478071 -0.173685145878215 0.301787966949364 -0.0481400085931711 -0.324317284918228
152.181951034607 -38.7846725689278 -17.0158521346506 -0.643345089931686 -0.746079903627496 -0.171673748872718 0.749779006351276 -0.56870587431799 -0.338238188805393 0.278361869887169 0.160592255942535 -0.492190153906208 -0.224879581418162 -0.108156180429964 0.184595077686091
152.61212746125 -39.1588293745555 -16.9752169784786 -0.677981250930928 -0.550080405564163 -0.487599190115896 0.728430704821476 -0.591776743081896 -0.345237590711274 0.419216626789113 -0.123323072749779 -0.0387783705743596 -0.229144695032194 -0.46468666322631 -0.47566861957791
152.831918359165 -39.6429498898583 -17.0224326503689 -0.685752524231575 -0.130193735835721 -0.716095710722217 0.538542258743682 -0.752604649592574 -0.378891115138994 -0.215793488866885 -0.0742868460486078 -0.112725321193383 0.17310217891966 0.169938263792766 0.101313965310622
152.900670644639 -40.1797092297608 -17.1138786279426 -0.356522841715962 0.290244758400284 -0.888059369981723 0.474231001833321 -0.762751339070369 -0.439676417724084 0.0210052349519168 -0.387200438921841 -0.032008747731979 0.774645992745417 0.433162720898036 -0.299067700215479
152.860774140673 -40.6639805243087 -17.3695462323936 0.191633286309376 0.646292561134435 -0.738635640632695 0.443953164479581 -0.728269960453473 -0.522042578213989 -0.234004942720132 -0.0898588795059728 -0.0928576922724331 0.0364665852289966 0.0356749111854513 0.144576910360877
152.854219119776 -40.9333827120754 -17.8371474794622 0.594095695003344 0.715123828478013 -0.368304498970329 0.431591707934716 -0.669762854617989 -0.604273373105667 -0.0109443527419767 -0.249378666858753 0.349937052579204 0.20956668231184 0.16469264565061 -0.478726029776118
152.846476677216 -41.0678103111184 -18.3483799434718 0.901410255838105 0.400411463001735 0.164712508808613 0.387017760407541 -0.574613089204924 -0.721135944515891 -0.134704512025828 -0.352757681850802 -0.186717629812712 -0.40101635371445 -0.254288498136226 0.645066362184507
153.075895868481 -41.1028413697169 -18.7869845553884 0.52690843991779 -0.374318928275213 0.763054936196508 0.34903676510815 -0.723295263962093 -0.595833280019254 -0.194622029736848 -0.0388897275180181 0.441875614727111 0.41134811279247 -0.189621650798734 -0.213533260032985
153.454917545272 -41.2323081360583 -19.1063870848619 -0.118620480916534 -0.768232007948621 0.62908565621099 0.14552333457648 -0.640168184353556 -0.754325960215207 -0.263585320104842 -0.206549823597988 0.148205672310247 0.17596640641559 -0.178189858978815 0.406795390872615
153.390912078004 -40.9073997367836 -20.4540255339878 0.696533041040425 -0.0840764664353805 -0.712581835013932 -0.655364001117628 -0.478876795050777 -0.584101911304262 0.0486670385110767 -0.28595865065478 0.297907625131499 -0.030176039937529 0.407913477510813 -0.156165382246146
153.082761239549 -40.9450894471792 -20.9109506689425 0.78780204257631 -0.568400125069766 -0.237253535347984 -0.540482675143021 -0.453233398497233 -0.708842694069508 0.0490780036476546 -0.232786020939449 -0.434120696130523 -0.529124338785591 0.0680100171524733 -0.561555847655275
153.072737575709 -40.9989902984979 -21.418364595882 0.348144900487872 -0.897871428470799 0.269484742589444 -0.401524807950204 -0.402587621377615 -0.822618402376623 -0.287625942815279 -0.153782294939925 -0.19316702473681 0.488614051646285 -0.769468527865969 0.170535881750672
153.172411104376 -41.2331862018014 -21.8574836055717 -0.0545426145606427 -0.828816745829361 0.556855373734948 -0.115836181803195 -0.548668030812831 -0.827976674115697 0.00996268159925841 -0.0221005644868836 0.0228216503737991 -0.159927984187262 0.391075594039179 0.079434730212019
153.303859446272 -41.5811038586364 -22.1413158091951 -0.654485076199035 -0.523038216738088 0.545967315175586 -0.144897171588673 -0.621954054088835 -0.769531003222386 -0.591734650943839 0.147891709659368 -0.0775430130964123 -0.122526220981753 -0.214695311260666 -0.434021321389442
153.309245404293 -42.097608603898 -22.3415680472842 -0.914410022073506 0.00647288775679024 0.404737462879831 -0.278490398605497 -0.735688479743334 -0.617418464062403 -0.756397959118069 0.126561844435022 -0.725069175624068 -0.113534026635825 -0.218089648945545 -0.447249773664682
153.192961668214 -42.5838796138032 -22.523480414435 -0.901451157616893 0.42396077521426 0.0874246836420758 -0.4007213811298 -0.74089624738039 -0.538976000719318 -0.623366280818299 -0.273430053058541 -0.401410503330381 0.00230257617148583 0.160248677772632 -0.167046612240813
152.863417437424 -43.1171827834659 -22.5077758781683 -0.633187036213772 0.704807053891394 -0.319876848844528 -0.281722246624041 -0.594796014925398 -0.75289460010264 0.547270114375875 -0.385515161751451 0.141117507060415 -0.230301373508861 -0.189941196392913 0.0342092767082312
152.421642772869 -43.344242660681 -22.7112648799901 0.0503427662322129 0.768056858789538 -0.638399773743894 -0.261441897105493 -0.60678592284681 -0.750639048415484 0.399325713093798 -0.141116418079684 0.326772410443603 0.0460580440695299 0.00167781920922841 -0.354800239353732
152.053465746332 -43.5018844387237 -23.0658269208293 0.47752624316129 0.68208700411339 -0.553828500707967 -0.299427010445798 -0.466271191002851 -0.832426961143007 0.10755668986092 -0.0358995939168968 0.104694409610253 -0.243105702021376 0.280357191222208 -0.430737235460955
151.773302024175 -43.5094512887046 -23.5469676979293 0.913707030752004 0.305477181902134 -0.267998420901104 -0.145166308097028 -0.37061579190085 -0.917371614048463 0.388143662608805 -0.425856069762204 -0.292396264053928 -0.0453155998460155 0.542141708275287 -0.31383752011765
151.810194722374 -43.5698845012428 -24.1501904392827 0.940110167452896 -0.21303433566546 0.266100064793204 0.0710201583005501 -0.641102424809489 -0.764162166971829 0.802456656548208 0.367576515018469 0.178991032316853 -0.132512294609309 0.060157428110054 -0.0927628736065835
152.022361425239 -43.6906054397735 -24.6073372346151 0.71662662637669 -0.400300780555653 0.571144082608508 0.300893711541947 -0.561326448065368 -0.7709575817274 0.294118729061951 0.0394184855348725 0.134093263708788 -0.0617035008335614 0.480788672817645 -0.227345505829592
152.315194445417 -43.8372310257634 -24.9541366544935 0.14652209348151 -0.699023847621205 0.69992638134982 0.47740938281159 -0.569735162450876 -0.668941049375344 -0.188956379201227 -0.020852617130413 0.20190865297401 0.0193358969462837 0.112426243335218 0.0444054906896895
152.818048540319 -44.0244762808025 -25.149443644499 -0.349726686435269 -0.772851591162008 0.529520222871785 0.449432332756185 -0.634331270255679 -0.628994771068278 -0.0808095024323862 -0.0815250438855264 -0.475321682963482 -0.0977263943799672 0.257794376165734 0.0921838316058519
153.208799044501 -44.4660007349952 -25.1219201218889 -0.823621120751193 -0.559201462808593 0.0945619996686413 0.462450953638597 -0.758706868546374 -0.45880605988535 -0.234305090810424 -0.0731990090781449 -0.0381830948256366 -0.00349368131153317 -0.399696488216673 0.0914495775123355
153.444049376856 -44.9431948131431 -25.0929082940824 -0.922419780668325 -0.202483685020608 -0.328849671590915 0.328814668952401 -0.858376209540057 -0.393790804837528 -0.373453282190102 0.223616863406671 -0.00384243010240118 -0.478221203411805 0.0848584668982287 -0.355148208335698
153.403084584668 -45.4999490254646 -24.9796579345515 -0.520979154165362 0.283398821606584 -0.805149568928606 0.222119209079499 -0.86576445975456 -0.448458422428731 -0.156860314711997 -0.485736816337603 -0.0140294444143 0.453504628104958 0.140305217903382 0.533827453774073
153.221453409126 -46.0102142841589 -25.2379182336905 -0.106163513746984 0.551879137626235 -0.827138877194817 0.154403050869532 -0.812600478818277 -0.561996581656909 0.436506742466843 -0.282909313405134 -0.0687526412040611 -0.33600517507627 -0.191368965638047 -0.29503300033667
152.95081211913 -46.4523267486492 -25.5396537050834 0.354283289392254 0.593698816288947 -0.722499181783547 -0.0288086685819634 -0.765316243160014 -0.643009417053231 -0.201507888965895 0.102304881672563 -0.190247127043453 0.364757750421953 -0.543165640249619 -0.0621240800262911
152.677992893053 -46.6987859536492 -25.8343804108764 0.874935326862747 0.0988550881476583 -0.474042029086623 -0.3149547520183 -0.627414216517234 -0.712148092093036 0.0450575113047843 0.0508343813419117 -0.186008158285675 0.266715441634031 -0.317375524609074 0.11183316037353
152.59665226964 -46.6775725652954 -26.3056637784965 0.879933792921617 -0.473694643102613 -0.0364678800403149 -0.275608096612737 -0.446429244165473 -0.851317278041744 0.345820337342922 -0.629837559877042 0.119264829895526 0.847983021628234 -0.128838951252072 -0.0639636895704494
152.71981133752 -46.6823716526476 -26.7793672968518 0.374652704232957 -0.892715065975657 0.250390026187544 -0.43216519235839 -0.407070865690864 -0.804690350654024 -0.0509988951385747 0.251055880594194 -0.214387560713856 0.115858940906534 0.414319324484588 -0.175055433047726
152.575307040867 -46.2916785171396 -27.8524997757445 0.953024100915771 0.26412285317518 -0.148270637935721 0.261542835980782 -0.964482614981833 -0.0369950113312049 0.233470332967763 0.0102096913505196 -0.129480266516495 0.0549160010105718 0.16398387896599 0.587464284250665
152.71340865842 -46.673107420502 -28.1665158554056 0.895578456494942 0.107230149550611 0.431788053936853 0.205840862396022 -0.960265717381142 -0.188465624850215 0.360689621830835 0.0506516870043832 0.143062604458229 0.0447816442522335 -0.334851527856622 0.605918449585741
153.058822107551 -46.9947368125152 -28.345600997863 0.0448360767191383 -0.216463496517698 0.975260622254828 -0.152110288620191 -0.966338597554237 -0.207490181126075 -0.0281829891489263 -0.637267542212213 -0.323759673441255 -0.296195244797552 0.0333626716729889 -0.293207745049892
153.277199076998 -47.4374203752043 -28.2509578394809 -0.836762271570113 -0.14919384414412 0.526849219601592 -0.0345519289833471 -0.94586124836453 -0.322726922306222 -0.127928908271784 0.251739597332564 -0.474776772051914 0.494342982429523 -0.241496619443529 -0.534446328159231
153.49913317584 -45.6624987947026 -26.3191035565912 -0.522986642168399 -0.642143463551538 0.560479028994042 -0.317101766928398 0.756960868184644 0.571363903128637 0.0513401618908628 -0.0984738031545203 -0.0448199915162706 0.119786102208602 -0.050792709031998 0.0627407626975089
153.074773375432 -45.3724833112048 -26.2422728229538 0.181437341237552 -0.519423929209428 0.835032500811093 -0.285676816429154 0.784668250814325 0.550167697348924 0.240389859949658 -0.208513103582394 -0.400847932318839 0.0927926954088086 -0.0120150253401893 -0.248320605843211
152.755922799997 -45.1040749315432 -25.9577440337473 0.596754861988381 -0.306717147105635 0.741490545272047 -0.448122898279653 0.639152223741666 0.625036242723588 0.331973385789278 -0.549578128926534 -0.222147512493174 0.105730989510987 -0.0225652987501604 -0.174109591115589
152.381282972971 -45.1805358518322 -25.5710655057931 0.884517695240226 0.251238027562479 0.393074929521928 -0.46482337205489 0.546153394467976 0.696890021737412 -0.594326067514314 0.0974000365713788 0.348484097530521 0.244611138878767 0.0253709617614278 0.0325419027435504
152.197611968321 -45.1465429875785 -25.0297648903393 0.826035929890187 0.554097713909064 -0.103152146775829 -0.333245628950015 0.627754635009521 0.703471014599636 -0.346957924944876 0.635445996108259 0.625129961756219 0.162842434852699 -0.151796187023962 0.153886773594449
152.292605145045 -44.9194529126676 -24.5391541871784 0.49532099687737 0.712397127391037 -0.497139263003668 -0.185658211826495 0.645861661122821 0.740536122464441 0.0972516153508858 0.19595456603919 0.373661674507659 -0.167092811678715 -0.506252706750949 0.338956188797946
152.484608124345 -44.6566333474118 -24.1594110972548 -0.0261307699797878 0.694150611110034 -0.719355333087451 -0.0218764647297437 0.719031643765368 0.694632929256762 -0.571794059562883 0.22361842472685 -0.0965973637280197 -0.00826608918080434 -0.202216304008944 -0.0979439974921159
152.770335376287 -44.3266697359837 -23.9857059439419 -0.709782139201194 0.540168080699357 -0.452136879503515 0.0983454475991166 0.711557391482431 0.695711327148654 -0.396563670298636 -0.456467393393432 -0.253712473554216 0.0380553757111413 0.338143953283571 0.0519717446374886
152.959784543888 -43.8474777064025 -23.8303576315677 -0.94783310714886 0.211253660932785 -0.238713827991748 0.0385067123690732 0.819261977175385 0.572125026334299 -0.029439081862426 0.133084088971757 -0.292247837503499 0.771726502014432 -0.702197627279261 -0.279426826060673
152.916156609358 -43.2393363863956 -23.8457762639239 -0.946550903141016 -0.222004740318206 0.233998465963028 0.00607553462295438 0.713054275114325 0.701082510608831 0.209305476940204 -0.229047677585813 -0.611427520689537 0.271279515496997 -0.136205218228316 -0.429700883131445
152.703378887152 -42.7572128650251 -23.7639430273069 -0.487881139352574 -0.616424129703135 0.618056049190731 0.111479908298207 0.65824324893025 0.744505236093671 0.297008446654103 -0.419577629610485 0.40337196779431 0.0249017638884787 -0.353557624430494 -0.140174294785781
152.486101581058 -42.4132060098965 -23.4436030491079 0.180563834786454 -0.746637143288784 0.640257510024212 -0.0871231873137539 0.636256876964418 0.766542065165519 -0.0699791560613842 0.0174415420289556 -0.553466345207951 0.049986082955753 -0.0348147070880672 -0.103316194360501
152.287661051024 -42.1621122962619 -22.9432293922647 0.382296507826575 -0.871252406533378 0.307845128003379 0.0351002822707332 0.346603179270899 0.9373548983863 0.331643195216559 -0.177465833445806 -0.031392260418251 0.0370824099720676 -0.193428814495365 0.0896467427127961
152.172064560006 -42.1333336651877 -22.3443823820336 0.881531122598714 -0.45268541650661 -0.134085023356173 0.3007077234389 0.319402425188916 0.898641728265168 0.01142260129882 -0.0947225810260486 0.415345723776495 -0.185895023022259 -0.304835169365416 -0.15600887930606
152.263355094594 -42.2304554811431 -21.806839540729 0.845459092891305 0.21323682123211 -0.489621261802025 0.354244347257009 0.462156783210125 0.812971124721164 0.342749875609385 0.384215881210012 0.182316852498929 -0.0114878901211123 0.216035642122072 -0.374396198157794
152.631410457548 -42.1803550663237 -21.3715556739212 0.452677581544028 0.582154734260312 -0.675410151198912 0.576245361338751 0.387043638660703 0.719818383307933 0.207247080813429 -0.339163465942386 0.399245032962525 0.109931774603068 0.474286661959557 -0.00496495463261356
153.097631353919 -42.2320906340483 -21.1777960008608 -0.0181005428789937 0.886194134214446 -0.462960393326305 0.625818230502009 0.371157577372308 0.68599824640118 0.10524630616767 -0.0832119128530476 -0.195994536022726 0.000321611657590817 0.181776566612041 0.359769418369009
153.570502657748 -42.0466708900241 -21.0900929741083 -0.422071137352063 0.889083595852871 -0.177161838793859 0.759560172874475 0.453494308019398 0.466273801416537 0.00914127585793888 0.29025376956183 0.0239409625430908 0.201050339816942 0.100772876520285 0.285736187097758
153.95493931289 -41.6808350551134 -21.1126065908416 -0.735277828308871 0.663373074824819 0.138934076090633 0.66530010508413 0.667293223141128 0.334806694495713 -0.0965085221836368 -0.180797817554164 0.0247659882301443 -0.26352453450917 0.0150892922840989 -0.356664032522123
154.2839998266 -41.3054597864724 -21.2557863119824 -0.718744997522749 0.271283960223527 0.640164542208273 0.567906152476135 0.760248093150703 0.315444826041888 -0.726554326164522 0.214335392594607 0.725830358840967 -0.344506185467173 -0.211394602445708 0.12430306330837
154.378750247037 -40.8124333729725 -21.2378713875185 -0.26435549361204 -0.221175225337695 0.938721308381252 0.396456214635109 0.862381085107107 0.314835411521959 -0.142747013876021 -0.075506136651519 0.140081834075044 -0.558899914082111 -0.0756549225347594 0.280833211263211
154.290708265649 -40.4201534978888 -21.0406013384328 0.323566415957101 -0.453958220758876 0.830196788612447 0.102866867188681 0.889072081335701 0.446059683472001 0.0683838560656744 0.343474837013865 -0.146382368847605 0.261776340772217 0.018755095907373 -0.116361428201969
154.014173761274 -40.0844476130706 -20.713105999346 0.852863068623002 -0.285308515137935 0.437291249964413 0.109883518398419 0.916826037141005 0.383869287586291 -0.301027479505319 0.251396148178898 0.0325067955676762 0.532724073072968 0.114969201929657 0.355176639747842
154.072633923688 -39.8482534612246 -20.2056423986307 0.971393022766888 -0.0812512368336329 -0.223145313513762 0.177972292438506 0.871203996814408 0.457525363547213 -0.0392576743077965 -0.0419502938060514 -0.184855097280138 -0.140802431092413 -0.141128128646322 -0.322143055742093
154.3059684683 -39.5570438870874 -19.838913802504 0.707182104857808 0.130684732245458 -0.69484888334307 0.263336693513485 0.863375374294975 0.430391389859686 0.282380273670223 0.0700405981113245 0.272337766874463 0.269768002115072 0.169751067640329 0.0424377858220155
154.741375148874 -39.3289844808584 -19.597039837449 0.0905929671805329 0.319557808636126 -0.943226231139966 0.213887127904909 0.918776139064339 0.331817276420057 0.0843269957782632 0.242675890597655 0.0173187934567208 0.667371196088849 0.385268431543216 0.248016879608923
155.14324504711 -38.8580401146557 -19.5825802178338 -0.434096624669333 0.261345875038679 -0.862124384527076 0.104647987089817 0.965144943938622 0.23988338057815 0.566462775309488 -0.475610124420086 -0.446275013866911 0.247748104864834 -0.0480716042162182 -0.0115839477921999
155.455663873506 -38.4778880755946 -19.7712694591411 -0.919356340241703 0.214432934086881 -0.329852144091691 0.104355863123794 0.941290641420644 0.321063517939663 -0.270444686651264 0.346723315369825 0.0955446357968233 -0.155933086096828 0.31409383393074 0.0896213611301868
155.49374971068 -37.913916297344 -19.9164771212223 -0.925332314434174 -0.131209605502027 0.355730441141734 0.0109971741373656 0.928531470264872 0.371090784453527 -0.0521049494472696 -0.410666248799381 0.306257713091619 -0.135738266393413 0.504123363024975 0.0107721282841722
155.264626614753 -37.3569674395705 -19.8187488828855 -0.612749604480709 -0.519095016700468 0.595884456636455 -0.0662672548210855 0.785113770895962 0.615796246621657 -0.410250338157885 0.0101461026208499 -0.303418854018234 0.157778424961362 -0.162062790896112 -0.442203544237166
154.940763973019 -37.0442165152127 -19.6135399598142 0.109858681120975 -0.633856451934687 0.765608953867075 -0.0811713195205989 0.761976980920397 0.642496925760561 -0.237607721106573 -0.0283253574885389 -0.0820671872168671 -0.105488017723958 -0.172335614092058 -0.0324021859689616
154.569869060468 -36.7729139054163 -19.287026211664 0.643561746671894 -0.522631031844155 0.559182510381899 -0.131564335375158 0.644171213650319 0.753481434151039 -0.0236609676478209 -0.0973021296521756 -0.129412613801347 0.402933598692231 0.331476033566894 0.141513316428389
154.260520207928 -36.6571804161784 -18.8753067668603 0.941764644133163 -0.225598628588226 0.24936842969782 -0.0712990628124518 0.590744240083898 0.803702486198566 0.279142248705394 0.405305429588467 0.249421833559311 0.503411410963555 -0.128616359356644 -0.454866263232552
154.121902272311 -36.7191213833959 -18.36463224579 0.943409084429328 0.315825553605325 -0.101160855777687 -0.0844960068626652 0.5238869263205 0.847586522317912 -0.0777170755606776 -0.110546560014928 -0.308415297591631 -0.140797059280733 0.754045512781751 -0.234465319340294
154.247797298846 -36.6451121904094 -17.8120499633485 0.624373826789941 0.638380684114944 -0.450141562026147 0.0722301217274137 0.526619211884976 0.847027162614997 -0.339353464092742 0.0170764673371079 0.146459643758833 0.071470527254185 -0.748125564100767 0.255774723295102
154.608319316418 -36.4238738557395 -17.4197145719637 0.123623700788889 0.730233910661938 -0.671919350123029 0.224341542936654 0.639016150533499 0.735750792385245 0.21473217715329 0.185684487693594 0.0762628711037169 -0.691808775290741 -0.0231621233155349 0.0718760113771222
154.91121953597 -36.1410835297393 -17.1179221426201 -0.575621936316014 0.599394452518779 -0.55622448356513 0.10910818105027 0.730434079315277 0.674211732500663 -0.079108845228891 0.634676473425203 -0.246942875037967 0.17241399491879 0.362945963266693 -0.138481665567364
155.148291825605 -35.6837516265492 -17.0901780193728 -0.917301404250512 0.355163427428153 -0.1800474141954 0.202298187017267 0.805126335158581 0.557536568938081 -0.00544641487051678 -0.159542991870725 0.209866132913383 0.0337540919790582 0.222412295841214 -0.0228461583834117
155.211951226539 -35.1711841729499 -17.017072437393 -0.957922975882665 -0.124570244015204 0.258584272649035 0.0671974415133184 0.778540836512587 0.623986113101478 0.239012517011576 -0.226525146543186 0.619362117178885 -0.208085294418888 0.178003917899273 0.328556757221961
155.04629114983 -34.6383398258466 -16.8829659281404 -0.762373009918823 -0.445021080047698 0.469833621364195 0.0051969622712628 0.721784214396711 0.692098648438161 0.0355486932747037 -0.104487900284201 0.420954102469976 -0.0216402062705265 -0.185082549709824 0.33022224065493
154.722871080047 -34.2362877732027 -16.6688871004997 -0.25293469237639 -0.686589680869881 0.68162940845201 -0.0878638959365683 0.717928765759863 0.690549217492544 -0.225507540532977 -0.196423617724626 0.0231806519557446 0.429727982087724 -0.415976021403317 0.377568452433445
154.365509955148 -33.9773667676141 -16.4655509070578 0.436502100183104 -0.574658681873495 0.692266794844053 -0.312758353264387 0.624533750847805 0.715639438417795 -0.586242329244024 0.054447008514319 -0.1648161700706 0.169125944136629 -0.458177868297795 -0.173109506222883
154.06227483339 -33.8974294800051 -16.074054836576 0.906685017024111 -0.120345297360424 0.404276256564759 -0.250307763951411 0.617933755648252 0.745321338909458 -0.118026305263002 0.181836614894816 0.432836856141576 -0.0268183285005005 -0.0770232600666583 -0.244231261764042
153.926366252674 -33.9646528172372 -15.5632416189612 0.626436754731216 0.768253000352228 -0.131773743647022 -0.500690704238057 0.526163600341455 0.687357755497474 -0.213826714472024 -0.198648095365333 0.26161917105471 -0.0383537202536927 0.326194144874684 -0.148602037418067
153.953750872025 -33.7657133192131 -15.1833778713733 -0.124355343145637 0.737600144828892 -0.66368800957193 -0.426880920368228 0.564043504976184 0.706843407432399 -0.337241465639768 0.105336099973245 0.248259176644637 0.130649872185179 0.26444270686481 0.151606269171361
153.990901484178 -33.3792188971178 -14.8992014004939 -0.810768000667971 0.168620704826892 -0.560555356065116 -0.339781610821956 0.644208380255905 0.6852328218133 0.147530553836143 0.159684575206822 -0.0589494019449148 0.168390396414688 -0.330199922720276 0.0556508965864262
153.888211466427 -32.905860482985 -14.8797483468729 -0.957036581960429 -0.286790376275232 0.0428049396591223 -0.20555874022177 0.775130699651795 0.597426150299251 0.51335370250633 0.148056665463874 -0.448177853876872 -0.00768337377276126 -0.314003207499886 -0.323664529884143
153.624482657214 -32.4214658905491 -14.8016692255654 -0.57975898937115 -0.600334712526064 0.55088814365197 -0.239515681180752 0.771809823817589 0.589017685745923 -0.283289887468133 -0.491214137687713 -0.0307084732724377 -0.202247540578961 -0.1199889820933 0.2036928379295
153.263622059591 -32.1356756135588 -14.6899896029573 -0.11844893500736 -0.676711132229962 0.726658029498769 -0.498586676658264 0.673400279961063 0.545841907517752 -0.228590082852358 0.0686484057407342 -0.752802836049191 0.297954373905147 0.210824736681511 -0.297143092500234
154.79635180614 -34.7354879991857 -15.5912268493343 -0.451262564441999 0.568916567896244 -0.68752893426176 -0.0822534546778066 -0.793671602098376 -0.602760114883051 0.251770550317042 -0.49144278787133 0.289725661928736 0.334878174920513 -0.273392579375751 0.288379101600955
154.533832520414 -35.0800864324073 -15.8602539989923 0.13264025125223 0.707973200600773 -0.693671758253225 -0.213554195394214 -0.663004987258669 -0.717508878099531 -0.383431134459941 0.375993675085227 -0.0119647628621018 -0.332698666447259 -0.755148128919794 0.276768817478938
154.162924509202 -35.2148875365984 -16.2569797385986 0.741379930148436 0.446972960289453 -0.50057064635532 -0.191028915639245 -0.574491944203727 -0.795906376071555 0.0879679657948484 -0.108165164656699 -0.301307465409308 0.300037497857917 0.199193639675776 -0.265411425451617
153.971736142495 -35.2797278768884 -16.771010077477 0.96456532880166 0.19345537345235 -0.179412221981555 -0.0824548098412489 -0.424913645491583 -0.901470797353113 0.605992681233286 -0.0161705174202362 0.137105797130004 0.683002926455752 -0.739526498377048 -0.457622449509858
154.013111652848 -35.2466260796235 -17.3293344674525 0.917132253316829 -0.352429680320484 0.186176665482936 0.0264484087558562 -0.412256421602956 -0.910683877576423 0.050667474100517 -0.25788971282179 -0.454358551304296 -0.0430116050252734 -0.143853634538196 -0.174443111463658
154.295194382706 -35.3745445167821 -17.8460349744722 0.486726501982951 -0.617621420062473 0.617771067970034 0.0606651682098478 -0.681586756253229 -0.729218231828112 -0.176141307855544 0.188313165713416 0.255325121201226 -0.106023649935386 0.189956963256263 0.724544160720054
154.725245350688 -35.5787767074819 -18.1998925416256 -0.0629927888923746 -0.67180994380693 0.738040180798459 0.200621752183606 -0.732937189025407 -0.650041529670148 -0.184212238744573 -0.207826575788449 -0.311730339893782 0.192301469099151 -0.582513175595622 -0.459599855931031
155.040793234318 -35.9436437384493 -18.3762305709642 -0.702077753115657 -0.525919367642635 0.48009962168736 0.199663556410187 -0.79254345221862 -0.576202516142714 -0.130438737643235 -0.0449211664218044 -0.127208247921622 0.0852253668139519 0.15758192401143 0.181672667282974
155.304439998248 -36.4094218456436 -18.4050776824333 -0.986976198248784 -0.123842821477572 -0.102669081794625 0.158790440336375 -0.85221876943622 -0.498506535132235 0.392007872222006 0.316127670963333 0.23054972196021 -0.743765601022024 -0.405065672705957 -0.157874536704033
155.381998639599 -36.9758270804771 -18.5598207835101 -0.935949315466175 0.247357722641856 -0.250625286256856 -0.045404450520505 -0.790563088359595 -0.610695044903033 0.254995582531893 -0.0165231507541847 -0.0161059956494775 0.00278808074069515 0.0953299463298627 0.22484636553627
155.233242904149 -37.4422187019249 -18.5617065493419 -0.562921554989786 0.549985302050739 -0.616956636189119 -0.209051606625827 -0.816932590314228 -0.537511459356433 0.398707453726444 0.45239574908767 0.430181039514029 -0.777515045120359 -0.0693740595111907 0.134206416757548
154.856355933411 -37.7822964062199 -18.7041333073489 0.172394375375922 0.567182834602557 -0.805347012962642 -0.274045705864664 -0.757692813581123 -0.592284181088932 -0.304148699078629 -0.286205494386864 0.0929208711252296 0.247820925228736 0.126871157169182 -0.200845660519364
154.510393657661 -37.9239543122137 -19.1079772973744 0.670173590612732 0.428079979280644 -0.606312534013443 -0.103795282178265 -0.754824221698805 -0.64766266864645 -0.84368711629595 0.227152599647746 -0.363868752677767 -0.274879665077531 0.231108538958199 0.251454794273797
154.357859185814 -38.0678767911194 -19.5515981173147 0.957269526786685 -0.0273548980360546 -0.2879006120491 -0.258662810478399 -0.526216606566004 -0.810055327247232 -0.387248369242372 0.000150552392277483 0.0224178496790549 -0.154760945991538 -0.0184175556437801 0.249120434955717
154.368798357498 -38.1920699564521 -20.1523903581143 0.924366166290571 -0.252924567483248 0.285615744368732 -0.0172235888322423 -0.775555623895903 -0.631044231390349 0.200355970038849 -0.343172173662012 0.273856520916748 0.088164573806352 -0.118857269411183 0.211455730432862
154.594330359079 -38.5159041510389 -20.5758918499223 0.421555216719251 -0.376672240667256 0.82486921597863 0.00362625441426045 -0.908938189141697 -0.416915122760959 0.044649771430488 -0.0451679754643121 -0.223406009404285 0.00839971067589405 -0.769722107638905 0.0545381395263542
154.913426915655 -38.9278493284696 -20.7068449602106 -0.121116118178898 -0.309075995912363 0.943293654360642 0.0376205608275249 -0.951035882575762 -0.306782415198314 -0.000386602705429364 -0.0207117466790367 -0.218877694744088 -0.208445175860487 0.180142415219145 0.209320776764336
155.162961954149 -39.3813700690869 -20.6081873522427 -0.767895017346857 -0.0950301772602228 0.633487575306494 0.0598890271226047 -0.995253683191767 -0.0767033962165162 -0.181229417704452 -0.142202456777658 0.252186964836496 -0.35010463350297 0.156366214803815 -0.0444222888923064
155.267747748524 -39.9458664721259 -20.448163212682 -0.974217853309125 0.139456656029069 0.177345470154478 -0.186368858777392 -0.940462464155924 -0.284248135241218 -0.457522880032622 0.0849153784093053 0.402932973668488 0.167096794573796 0.731779720199008 0.0402238122924852
155.12510211154 -40.442680922954 -20.2487137601971 -0.808077205176185 0.342026034551665 -0.479613826416197 -0.195971932723212 -0.923889677623551 -0.328668321208569 -0.273519276256859 -0.130161652047466 -0.168320206475613 -0.887365981087514 -0.0738784591883309 -0.171491028321654
154.795636933513 -40.8771730246759 -20.245581509335 -0.202358524372311 0.431177650700305 -0.879282015448322 -0.0398022648970952 -0.900736583169074 -0.432538308756886 -0.670539670221958 -0.303625989200149 0.382901054310144 0.0690840425087092 -0.123975914950441 -0.172053285237391
154.452683136028 -41.1483423712595 -20.4177344970965 0.703149553166497 0.105456447797532 -0.703178245216404 -0.0848806328660279 -0.969419732444088 -0.230262158738865 0.0506088295057042 -0.618826097928537 0.308142950792597 -0.176475770564652 -0.0401547750269529 0.146281969621432
154.792455422815 -41.3503879943077 -18.9744191968589 -0.852566117652678 -0.339233572841412 0.397557038325986 0.460244931050025 -0.847749241701668 0.26362061202473 -0.557913135210097 0.146834212154075 -0.950067271127114 -0.191814407794122 0.224298801695695 0.33205275902709
154.969088178927 -41.7700212454735 -18.6674203899356 -0.956214433959784 -0.292363306696462 0.0133286753731023 0.262643348175542 -0.837136825224881 0.479812888318067 -0.418611482323725 0.232433122295285 -0.0621491214321378 0.04615459152604 -0.437386106901945 0.0576498896304719
154.931302949123 -42.0608345827564 -18.2571696989379 -0.608427790569754 -0.492573316052803 -0.622243643198812 0.100924797782871 -0.825726622784231 0.554968223101707 0.102761531943458 -0.0737944655255109 0.0488311159745565 -0.0867528842130276 0.306496852089533 0.0327514561813298
154.690071725988 -42.3200141708437 -17.8461720924548 -0.201266567936696 -0.589943013258704 -0.781958445089721 0.0523064766110938 -0.803628220229528 0.592828572502744 -0.0241000698186419 0.0365576874916587 0.18492976209379 -0.143389795378491 -0.331135691271367 -0.0569690780605897
154.38469265225 -42.7447652351696 -17.6518484046405 0.387619641415634 -0.452828671335785 -0.802930389781442 0.0508970756189719 -0.859185824012658 0.509125928783019 0.114941762036059 -0.111219407065082 0.264816914309401 -0.405789711577911 -0.496384898173767 0.199668850002498
154.226670709048 -43.2299909016969 -17.5740983782939 0.82212167057586 -0.187552802165351 -0.537531308408964 0.0035105967157264 -0.942489259998127 0.334218000313214 0.57080215261578 -0.540861553433168 -0.6048701671719 0.401879902113033 0.970460488020709 0.288226584283688
154.123800554891 -43.7213553292535 -17.6390223035065 0.964601992721468 -0.0260190370545931 -0.262423330378792 -0.00292281718949616 -0.996114392142194 0.0880203060250275 -0.34345068451187 -0.176655354878353 -0.00413153546883237 0.0513946057938226 -0.328593917852729 -0.103840935840164
154.189319765815 -44.1694338993271 -17.9129975533224 0.869603221592771 0.143347768557711 0.472484553318438 0.148732272585801 -0.988531111613375 0.0261715764752101 0.241994961019705 -0.119914319758237 0.487039663335379 0.354457659415385 -0.111915037184362 -0.159938451211846
154.448095816183 -44.585648995645 -18.0945016136892 0.474072058184845 0.209892915695584 0.855102711658656 0.271712478373938 -0.958646579106319 0.08467033343257 0.22340112195216 0.258426308296642 -0.281951825355865 -0.250626198843055 0.0906852689107495 0.116215295134645
154.753982449199 -45.022800459954 -17.9981822897222 0.000236867068200266 0.337837066175332 0.941204579547841 0.297583959645849 -0.898587755410576 0.322465242655632 0.487543644782112 0.417110918990602 0.0927611732318464 -0.0429713083502117 -0.190258956577499 -0.253998159993261
155.144284506327 -45.2911292371599 -17.8702929598677 -0.513414614528017 0.0547777309392995 0.85639058536509 0.434171025766188 -0.844226068256626 0.314289463899894 0.0938384285294182 0.17042528797263 -0.413018963788261 0.391564363011896 -0.323697250455707 0.075419147565449
155.411350230156 -45.6241905286307 -17.4650661645399 -0.942479951572214 -0.00291727622961252 0.334249952428772 0.151412366931675 -0.895215612574953 0.41912206132441 -0.0366350425180311 0.3870366669238 0.136470343172969 0.336657037031178 0.356810763852794 0.367256274642659
155.509400068027 -45.8601868282197 -16.979156211903 -0.94527401738927 -0.237057971523303 -0.224188653029039 0.154141871707007 -0.930056807319756 0.333518546600534 0.143958842901642 0.319239433425008 0.120463459921324 -0.022499555195539 0.297769006051792 -0.511569968771572
155.353546194938 -46.1533856317379 -16.651727602973 -0.571155281777663 -0.447555736216963 -0.68809556523521 -0.0939234316135214 -0.797141074027077 0.596443204962068 -0.384240264634491 0.0152696267992601 0.102896331188479 -0.196725553642277 -0.171236212811282 0.0669740263244409
154.985296902381 -46.3583803795334 -16.3036756192386 -0.142223445124689 -0.585077153853039 -0.798409177933047 -0.288609645049069 -0.747048748943472 0.598851099261906 0.522353432971884 0.314307695242474 0.0830581450634077 0.317397978084489 0.127211895401761 0.759899271213242
154.519121483295 -46.5710101974111 -16.1258024453986 0.354518871611292 -0.72393576545184 -0.591805194100601 -0.437820547374533 -0.687764635448415 0.579044887329602 -0.257860005829424 0.0524125614598451 -0.562239304957382 0.398427751059356 0.264145611736654 0.430633033819452
154.18869559732 -46.9757441945064 -16.0168527777903 0.89728244899679 -0.423129604421497 -0.125879088816985 -0.312840365492004 -0.810650416792041 0.494951318536183 0.222201256846771 0.0255845165512676 -0.215436560858151 -0.169162859549628 0.600868835422617 -0.263162701612868
154.130436722927 -47.5791345141237 -16.0093226106318 0.964090991004141 0.118833122396301 0.237502105542871 -0.0267257631696652 -0.846350482580274 0.531955443879311 -0.235691839457292 0.135769853531051 0.759907556198202 -0.646459735709688 0.0581642570912022 -0.157610166693765
154.273534697966 -48.0865804919273 -15.8193563958218 0.815353237064795 0.458467340720665 0.353563002047372 0.198838944030864 -0.795282020312906 0.572703747729334 -0.0548535916148386 -0.0840936322809518 -0.444779406914164 0.362119651463881 0.603372523564447 0.196525329178952
154.558485887496 -48.4319791030016 -15.8924807122612 0.308464456763458 0.428534554958099 0.849239556662379 0.183175842455948 -0.902825560549547 0.389040659183538 -0.197647206892018 0.120241282057328 -0.300674978252825 0.116659193514546 0.684536906266363 0.332120436986574
154.751284568408 -48.1715779924839 -16.6626999491484 0.8794761390241 0.270629750213304 -0.391511514414328 -0.475448613837689 0.537050172366306 -0.696796764308859 0.304309622394488 -0.142034384507997 -0.611470814614495 -0.0176640328925378 -0.0508973894186019 -0.21870689919303
155.105069071849 -48.7062467766204 -15.8293578428931 -0.257295788359386 0.381398881146991 0.887881619947747 0.348686633490715 -0.820271507307284 0.453400800687159 0.597128605117068 -0.536592617365687 0.118844731694461 -0.162750029435007 -0.365884760137195 0.174094170150737
155.481036734261 -48.9800153664127 -15.5424935247605 -0.772291032023703 0.147408338234951 0.617929883915099 0.192833132321076 -0.872414416449429 0.449119656918064 0.517492248736592 -0.754957950582922 -0.277789804796796 -0.701720054671519 -0.21528977873908 0.46373550854366
155.631839193724 -49.2321213180381 -15.0705230652701 -0.991602551690889 -0.020898081850768 0.127623076049153 0.0783199207858713 -0.882341934537135 0.464046011041939 -0.442257651106418 0.0964713933534467 0.374964886153537 -0.144198296230779 0.270799965016333 0.187917867282152
155.576819741505 -49.465539936086 -14.5448822385547 -0.898375294605958 -0.184491272094348 -0.39860356224572 0.0951321012773966 -0.967696020823897 0.233482961451206 0.374270560885579 0.469077695697088 -0.0748868758324488 -0.295194350889578 0.0337240564130307 -0.0169338326596741
155.418129718607 -49.9193180971249 -14.231472946514 -0.576880067495973 -0.133137564360928 -0.805905562763011 -0.11260333772261 -0.964245293435014 0.239898940741217 0.278853660515668 -0.199281823363656 -0.228233683331083 -0.0054591316371295 0.490298374791949 0.0722049032635108
155.107090356916 -50.2790675088241 -14.0225196467902 0.0299951506212625 -0.162404554191768 -0.986268243375514 -0.139787907682898 -0.977696957368046 0.15674182025885 0.0889001170124157 0.16097250691094 0.0781329166811058 -0.0835382362424595 -0.410912748361445 -0.1184760499324
154.950860859839 -47.8119295336494 -14.9736274020734 -0.259962991058934 -0.618145700738714 -0.741832285107201 0.148056070349372 0.733645182717218 -0.663207471891224 0.279289637998864 -0.107310722985509 0.611592483801417 0.0730404380019837 0.164255813684512 -0.361119562242447
155.249463855247 -47.6427644380956 -15.3417807598949 -0.870243007162985 -0.205041358781167 -0.447923154543848 0.176613554858035 0.718956785014631 -0.672241622119995 0.164991521389456 0.100862384206708 -0.123715765140373 -0.0572139304108571 0.257448611755802 -0.717793167152573
155.337185894428 -47.3772951134387 -15.7538440108142 -0.909450099562938 -0.353422909169604 -0.219072512875889 0.0145395472380759 0.499502280790789 -0.866190554034289 -0.584259483663555 -0.452094116897028 0.0546544581645347 0.47644755795793 -0.416706805473137 0.109175146327776
155.264632790558 -47.4144796289702 -16.283286646619 -0.887901841583611 0.348216831605142 0.30062494752348 -0.113136943549105 0.46812720422335 -0.876388585712558 0.116802089615116 0.293500131063758 0.147924980470162 -0.0720331785385185 0.104254649149419 -0.325041572750785
155.055250369699 -47.3939528734881 -16.7499374091361 -0.515135435632085 0.727099284623678 0.453830496081481 -0.152062005706431 0.443561452072308 -0.883249901752543 0.167369914856979 0.317410375983006 -0.633763630220894 -0.0415812248368629 0.183568973723977 -0.0672789495456147
154.853395831066 -47.0406662511254 -17.2460812469344 -0.0383566696109728 0.590175445335477 0.806363262346493 0.0148383105141263 0.807204512755187 -0.590085333720962 0.4191243673179 0.178798593939681 -0.344559801582358 -0.394081795140002 -0.0270174776426438 -0.200304650871574
154.574259195696 -46.6803268131486 -17.371924310351 0.787910947271493 0.379014527087559 0.485329096780451 -0.0858615196689754 0.848061419790371 -0.522895433176874 0.296349318788995 0.0165849750267894 0.233447736392019 0.557919720846996 0.152387093021334 0.0813403925717488
154.365940848582 -46.1391239954493 -17.1741380872103 0.953597513980819 0.281183531141942 0.107645734249471 -0.230219289021759 0.911371547770541 -0.341175881278071 -0.314702798305743 0.106310367340052 0.0381566711700294 0.100204666527382 -0.0401803836691996 0.242626895315391
154.260132715428 -45.614316931737 -17.1242510088023 0.951694698400712 -0.03774075353105 -0.304717634948227 -0.0176623257342068 0.984044851527903 -0.177041725919272 0.420467890068618 0.14662392322984 -0.25452077930982 0.0525711787522437 0.620161085103855 -0.25802062625179
154.271244113829 -45.2085087299194 -16.8898599072464 0.675148904625887 -0.0793425345975383 -0.733402153391712 0.0718774869721801 0.996543814193361 -0.0416419632331348 -0.201607723372524 0.183970215239156 0.557835555032882 0.474219471585453 0.0351256535952075 -0.447472101809355
154.544429581982 -44.744287007727 -16.8841116027931 0.251210557301294 -0.261780689364109 -0.931860573993092 0.164027461421937 0.960322184171426 -0.225557749045943 0.273093919621687 -0.0706130659443168 0.264087152805348 -0.459648503611099 -0.00835008505776183 -0.55129287835691
154.937624190869 -44.3542826805586 -17.0491383946172 -0.462550506414044 -0.210719481338815 -0.861187744217434 0.149270840911626 0.93896968396999 -0.309926041178743 -1.12126183790196 0.00200615871739821 0.306098571156332 -0.0340934670407236 -0.137388571550506 -0.51917898877333
155.260334238888 -43.9914515434 -17.3179035507441 -0.876210123957923 -0.112249412258542 -0.468674609709527 0.10929566389162 0.900873731175708 -0.420096395387183 0.287657413712937 0.345877150855642 0.265602256613712 0.545125726837491 0.183911016211118 0.00367522284571541
155.310917708541 -43.8724062642305 -17.8081737698093 -0.968059827861187 0.189115686765802 0.164606895489882 0.10883778706153 0.908433207006663 -0.403612992417262 -0.244784245924244 -0.449297244301253 0.115562967583905 -0.0760686405301597 0.208319993326721 -0.062100126033649
155.164558078614 -43.5799091348724 -18.2154424755351 -0.747088064495073 0.350394519014729 0.564874420256594 -0.0478236650523966 0.819251706236868 -0.571436384217483 -0.011868464174331 -0.631734276825476 -0.210090596056521 0.0462347298672124 -0.0334965685282618 -0.0418073460023972
154.889887442478 -43.1686546012936 -18.6491386169988 -0.414603187173467 0.206324990431601 0.886303670821436 -0.273071285411939 0.90086437106097 -0.337454382329778 0.542496611119744 -0.409894766434497 0.384557277736697 0.213999059168759 -0.00576242067831572 -0.183968306930312
154.498851289026 -42.9181708476966 -18.88915677367 0.177616007810489 0.414023515652218 0.892769333394155 -0.26382817698585 0.894017945511121 -0.362114079580914 -0.367204365633468 -0.378926649415301 0.081076305581685 0.415447716205134 -0.561394211639603 0.0573503605201207
154.163562982893 -42.6556324551201 -18.8679269660668 0.667632575368922 0.563816691489007 0.486186674929632 -0.517872213064199 0.820869117958685 -0.240795062813845 -0.150691766034505 -0.0935834127646482 0.575242631023 0.572198629838374 0.148138236154957 0.407219219868852
153.881056253996 -42.1921352284973 -18.7366991138974 0.933588808086846 0.347019915233973 0.0893818556512219 -0.333448558789827 0.93261677964609 -0.137978263437344 -0.222677942144943 0.136222023441674 0.192769157475249 0.0555947495894091 -0.177449996187331 -0.146261360186789
153.73564199087 -41.8588677843003 -18.4827154276095 0.790607148205689 0.418509548486587 -0.446978854435095 -0.418788451576617 0.902118500144217 0.103915571532113 -0.430844316329756 0.377879357357447 0.399234991529088 -0.25525928177933 -0.111606927613705 -0.138190355529092
153.903849573974 -41.411545720977 -18.2964074125818 -0.0126994196014939 0.296523067855409 -0.954941255400637 -0.47085289423513 0.84073560817541 0.267322265866142 -0.196509383408769 -0.0970053933600235 -0.451056716473328 0.614244831412645 -0.179171933630014 0.426369000567927
154.037521970557 -41.0100315221425 -18.2275994602936 -0.744885520814267 -0.032239026037395 -0.666412940332823 -0.349399905811993 0.869764813498874 0.348466462930948 -0.166653334205268 -0.395448448295331 -0.527732881505982 0.324338105172094 -0.266134583837102 0.171321812718971
153.87632248293 -40.5061446305084 -18.1855466026476 -0.834930508411288 -0.519152836980917 -0.182678356774486 -0.54965857822232 0.803294388667005 0.229332892857223 0.668223767316942 -0.22352324211579 0.108299754603934 -0.316754165131146 0.30457064992452 -0.091809021278094
153.551302191394 -40.1251471172054 -18.380465022093 -0.516507089812674 -0.603815285837771 0.607147038093759 -0.528764841606052 0.78262097136756 0.328499858305173 -0.0314353639077278 0.46080220189678 0.176139704247299 0.031032180515307 0.255112591279368 -0.138461910329302
153.098288640548 -39.83436171802 -18.2306698026486 -0.247968612802604 -0.682380764527659 0.687654025888505 -0.840267246353172 0.504766105118143 0.197894249356048 -0.0659670127820938 -0.423483609398004 0.0655904839748294 -0.289008974744153 0.114556612402579 -0.185087354780612
152.554662542013 -39.7530567232846 -18.141794545276 0.225307071452075 -0.450192136766244 0.864039215266793 -0.697147213520333 0.545023489605538 0.465762987264105 -0.370004071156877 0.152614742945002 -0.176920603093681 0.124135716509293 -0.45575401078775 -0.109478032349651
152.107337140491 -39.8222600162478 -17.9311013176919 0.585387093634701 0.194286896571609 0.787130585304846 -0.782768253802255 0.3883190875859 0.486294305612485 0.30889512424692 0.275188021930632 0.347749219520885 0.312266142289824 0.0151142758846552 -0.351691013274379
151.718785990689 -39.663820886665 -17.5496616071398 0.800319170406334 0.280898030646708 0.529703241152318 -0.599390459930908 0.396701754067794 0.695240099652238 0.0435595985316683 -0.576935183350702 0.240458087007746 0.129745841455558 0.476632024596935 -0.715186833838397
151.417287002907 -39.7308696733711 -17.1562418480974 0.665373184748946 0.731494662844372 0.148976793872175 -0.577819236555439 0.378302157103596 0.723195968565464 -0.461093658168727 -0.173253057688893 0.259100574458588 0.0153766663698585 -0.538690948811821 -0.183513058499936
151.326029734556 -39.572006311437 -16.6683282597829 0.342909090085651 0.882378208112221 -0.322214298901765 -0.557502057397062 0.46723583604492 0.686208518176836 -0.578791315421741 -0.09859682153464 0.410019103219537 -0.0709202216144819 -0.335790379467168 0.0229530993187979
151.276024965599 -39.2192984243062 -16.304185915181 -0.0592546172042764 0.817794405559136 -0.572451922196666 -0.227622148000828 0.547283208613534 0.805400055722468 -0.288618246311554 0.828024991223774 0.135226506614141 0.0353754271311368 -0.626628348854256 -0.122664499252694
151.340176180633 -38.8003015146285 -16.0207238497092 -0.666679046918801 0.386304021417125 -0.637423139577139 -0.311949040361663 0.632084758780883 0.709335363811972 0.215519060837547 -0.402983613828296 0.0400550267202491 -0.180993469606985 0.372386756145429 0.579446959411126
151.266897277425 -38.2694443633567 -15.873637552094 -0.86867318275783 -0.08033855308069 -0.488827800599643 -0.396097536864038 0.705257989438834 0.587977813989009 -0.176919613410736 0.207784884240038 -0.131441866314058 -0.0126989522732643 0.387947945654565 -0.00531286542714393
150.851317528819 -37.8523918805265 -15.7730089781152 -0.671069169699697 -0.732201642806926 -0.116391261372985 -0.623203217711233 0.472055476717712 0.623523357769117 -0.48023929024948 0.522367258707166 -0.2566810948468 -0.0431389271088502 0.396579497654715 -0.00404555756673997
150.357440433476 -37.5756214741658 -15.7828990805103 -0.26156767337848 -0.909488957838681 0.32312874977337 -0.738312709481615 0.404172122240354 0.539943737842276 -0.161779926004834 0.208557631169454 -0.477892410489889 0.335695263689429 0.142126278172489 -0.042896141022768
149.901445636609 -37.4966972509749 -15.6573280791204 0.209367515794278 -0.803593922908725 0.557137375275756 -0.722324603807265 0.256943577014068 0.642049195880423 0.176634548771812 0.436410670790035 0.131220288020841 -0.172525050383885 0.263844500477612 0.0281955217413873
149.471096496654 -37.6861133933715 -15.4834785186873 0.646591123683475 -0.0598382878130567 0.760486225447693 -0.716706799925585 0.293763073144073 0.632482901359642 0.334257186012343 0.688992408972255 -0.00647376996442153 -0.0156090530617325 -0.101913693181446 0.139569478533871
149.107709447647 -37.8800384875241 -15.0878512000499 0.745213694837378 0.422389567983913 0.515987988016443 -0.6599433049624 0.356283408937414 0.661465772884234 0.475940218884596 0.133023460822145 0.632735016582771 -0.138103365004012 -0.137851491397291 -0.246597522578795
148.964208111774 -38.0572265937212 -14.6586041263553 0.591387991119866 0.740631266028846 0.318944468276566 -0.460750790214281 -0.0142495630769615 0.887415157178275 0.56550508841276 0.0342047622087352 -0.453719651979817 -0.0104083252357205 0.43227958619466 0.146847853595895
148.904711651881 -38.0434714152903 -14.055130553807 0.277453169657825 0.947231563884801 -0.160536929770488 -0.404783102801457 0.266796527756408 0.874625779746842 0.126949181343288 -0.140480350655014 0.220498321504026 -0.218524022107899 -0.299846113329363 0.047532329775554
149.025582668349 -37.8241975213444 -13.5124791906132 -0.192612651125615 0.797800970623238 -0.571326510118607 -0.474335935274407 0.433988976671365 0.765936676429752 0.1588563331215 0.233161539848279 0.650844900097366 0.416486351673599 0.387612827684748 0.302113413248967
149.020574165047 -37.4270277010925 -13.1671913254516 -0.672237853491919 0.157588554873492 -0.723368597482299 -0.684597432032147 0.239621588146647 0.68840965802424 0.211662491279022 -0.495452049489259 0.47775760233193 -0.481630152121211 -0.0451456760245433 0.151669422562743
148.691227483711 -37.0630090722228 -12.9245183375716 -0.504374726151618 -0.680858805199139 -0.531071959789421 -0.754213981081533 0.0479082747416909 0.654878669719583 0.195787499862934 0.245177365927561 0.00382916271863633 0.11407960655688 -0.185512467736875 -0.292737973423204
147.935839237213 -36.9031314688789 -12.9918937117957 -0.796418265838354 0.240793854674786 -0.554739820294468 0.586952017335869 0.0868973907026546 -0.804944828015303 0.539058195826599 0.142998774871072 0.0628017591454189 -0.00682790289121864 -0.467892704779575 0.151413571677476
147.249119695143 -36.8374124091374 -12.653517443118 -0.242509864383822 0.902715178016541 -0.355379056378867 0.244847028387392 -0.297505010500271 -0.922789630510084 -0.568799429312383 -0.468283916121986 -0.0843112672821849 -0.156206885366666 -0.503072993104446 -0.128212320015153
146.933816450592 -36.202254862653 -12.3470684963584 -0.325612996346094 0.800712169369467 -0.502828216155755 -0.010536088025118 -0.534849962873379 -0.844881363116505 0.154087887705479 -0.569024226922171 0.028668252774011 -0.505463555959161 -0.0533606931110569 0.279859659137464
146.560574037939 -36.4108759403489 -12.5864338756134 0.428481988424567 0.708324278343252 -0.560963372808612 -0.0896029662113009 -0.584472636238319 -0.806450896124457 0.197865613011186 -0.105141613462999 -0.071942224786239 0.612943169027594 0.109339466832701 0.349434069443252
146.387048913645 -36.3719208907573 -13.0843931118025 0.947725630636851 0.225201112448991 -0.22605439212584 -0.0852832511174329 -0.503897661531341 -0.859542851717541 -0.328254061125497 0.156771097609801 0.296251935522365 -0.303370504204701 0.0196607262356922 0.0473681369313641
145.826175440936 -37.3219239603031 -11.7732480423499 -0.680690721281111 -0.592048540343348 0.431437907136263 0.593236933205566 -0.791019575381143 -0.149525825096037 -0.0659603330911037 0.335986349595843 -0.334783366697539 0.452437148664235 0.486852205799389 0.177996385269902
