t = 98710001
b = 200 200 200
E = -1.09252244235253 -1.39598228117112 0.303459838818596
-77.0105509844911 127.57191921378 70.4257188511863 -0.625856188822232 0.463222391491284 -0.627478323867912 -0.604008268413457 0.22112516781461 0.765687711694929 0.473818362943418 -0.0367377947145728 0.0658615484495108 -0.46838916085962 -0.00950004466136065 -0.306939544380598
-77.2298348434591 128.007125735917 70.6881174327495 -0.688603543302821 -0.216433484057226 -0.692085043269273 -0.725120014325625 0.212251233134081 0.655095702054894 0.0379717642697626 -0.0468268652432077 0.309614175313141 -0.104050408428045 0.0598585577602054 0.297179148436361
-77.6092355669391 128.361306589039 70.7995464488363 -0.557639155034325 -0.707862278703565 -0.433554572313257 -0.789114471929408 0.290001752413741 0.541476992860921 0.0567925776598613 0.217715072804798 0.298507138361336 -0.211116743011953 0.0322019537936594 0.0765622956665541
-78.0789346812779 128.555345021555 70.8666124029303 -0.191110275718465 -0.972734418670538 -0.131394875299579 -0.896583407568615 0.118508043833643 0.426724778783326 0.205285524972346 -0.475490523677964 -0.223572863093521 -0.204298766672172 0.142885603197985 0.371644066349326
-78.6324168948916 128.530462935373 70.7573888588396 0.20442932655448 -0.884665125934546 0.419018216110586 -0.910785757904632 -0.0150363596509918 0.412605393943923 -0.0823185435913293 -0.630089371146211 0.23410521881814 -0.118160173532985 0.171706467333886 -0.240877640590832
-79.1163076676329 128.302812206428 70.6775428213509 0.403529932124734 -0.447126305759916 0.798274176314325 -0.900803017177883 -0.0412274933066224 0.432266373935074 -0.739787201344143 0.553441727641773 -0.0439015330860658 -0.0239917764297357 0.65125608452196 -0.245599536566043
-79.5781235881914 128.049596729515 70.8417169619935 0.525897732768285 0.0249816693554116 0.850180857737329 -0.839543082696736 -0.145025879923712 0.52357894003425 -0.10652168189572 -0.217603108010046 -0.532646848874442 0.245991040799867 0.254758007657638 -0.0798726486913451
-79.8148781865576 127.715565643778 71.1509985385065 0.310663777211491 0.649007595414847 0.69446177620629 -0.872066381244565 -0.0960428022671605 0.479870823060444 0.373878846293221 0.199174852042892 0.498054829915811 -0.253988817860011 -0.0676247897052134 -0.712126153121114
-80.065926484386 127.602425624291 71.6388897110633 0.191251435100935 0.977535765315105 0.0885816916438053 -0.74236004387261 0.0850171778893368 0.664585317865203 -0.154749345384781 -0.396660430935072 0.0955734025741277 -0.117506031832717 0.32070920586067 -0.143904657694761
-80.2193083649267 127.66558088293 72.1563308314843 -0.172144256818918 0.880998669978589 -0.440690025233442 -0.646036852742052 0.236754081954757 0.725661001831141 -0.248418711210085 -0.224415984850576 -0.0267309092815996 0.00156882014950462 0.828436125441755 -0.0947711731426355
-80.3344405804674 127.928509498714 72.6292749107284 -0.346552506506996 0.407605905497472 -0.84484246225232 -0.758191417118328 0.408586505082809 0.508136637981804 0.53352385019735 0.019905918673709 -0.395540670389474 0.8950674914162 -0.36085186509846 -0.0180880973421387
-80.5637161255876 128.407237961865 72.8416261111293 -0.508650556876021 -0.146057659173181 -0.848493825068088 -0.792563908248501 0.464408613184231 0.395179821515482 -0.0705978187713465 0.155295554586599 -0.268846726783629 -0.125335790867345 0.0544940757205342 0.476476186420157
-81.0257647700929 128.785065916396 72.8839460291933 -0.476952455997166 -0.618709125682072 -0.624271873876079 -0.878593983331389 0.355227147883301 0.319196312416317 -0.169170462990378 0.0798901466188611 -0.155091205444909 -0.160041474662941 -0.167440827356636 -0.0392613222098585
-81.5049463023435 128.997441152934 72.697657611215 -0.2233496764164 -0.974174346313485 -0.0331551658837502 -0.922372589627618 0.200229579143773 0.330358776991997 0.340322631359676 0.187383090340582 -0.346580902827238 0.16397367982673 0.00825762398994599 0.276169725658543
-82.0333422171049 129.021754097286 72.4742628520077 -0.00618393824886296 -0.887670125784284 0.460438385339726 -0.946595309670236 0.153631156287758 0.283469200311886 -0.385651139153815 -0.632067114649597 0.197976607028747 0.555808546232456 0.112672784728431 -0.128706352823336
-82.4870259575787 128.803353795052 72.3584732127947 0.1424508912082 -0.36439697183368 0.920283972757242 -0.974079115675033 0.113451600028332 0.195700308782782 0.627271302312561 0.495794311273775 0.106201075013684 0.331692425261576 -0.138719487962311 0.397313724422351
-83.0165907955168 128.635838912002 72.3735687929556 0.405024138159047 -0.134869449245068 0.904303974980011 -0.912806603159108 -0.00302704338861322 0.408380878878987 0.313019137181632 -0.22822541422048 -0.308029902532018 0.0120925239430022 0.633016529563228 0.33351941851103
-83.3996986909615 128.295274793299 72.6354353514869 0.318029847763607 0.631259219420565 0.707367523865975 -0.900371221586047 -0.0326037193416676 0.433899367155584 -0.252604014978207 0.408225461178996 -0.244758519012566 -0.0721766581520663 0.238331474354889 0.176433662766772
-83.662494730318 128.167462973186 73.0206953575401 0.284145109999767 0.935226568199534 0.211217477001188 -0.853448628391218 0.146327525645846 0.500213648275915 -0.132813808748272 -0.410428422074426 0.0955867838232234 0.119268741323191 0.549189023267442 -0.0674845965283694
-83.8860539994956 128.239960024725 73.4371324684498 0.0699936288251162 0.946137594018247 -0.316108438835277 -0.753475354776534 0.257813590856618 0.604819842685744 0.638589392065656 -0.152958526579309 -0.119974404631275 0.126042098819205 0.390103514753455 -0.200770085576197
-84.0504357326899 128.406694265447 73.8366043216318 -0.440641350725814 0.510673072782332 -0.738273806095905 -0.823391658665057 0.0976715653850891 0.559004867383363 -0.492479059581925 -0.532201628283031 0.185498723137821 0.20624323776275 -0.0107249274097248 -0.0480834267030016
-84.3936403895053 128.68098434664 74.151915264721 -0.440720214877578 -0.125968118975735 -0.888761905797884 -0.873518689090565 0.288191279781528 0.392314779313029 -0.386859799331586 0.200627173876446 -0.666622299905288 0.0932059635708201 -0.218516382978973 -0.331930303199237
-84.6983354619393 129.04728478795 74.2051195357498 -0.369005525642762 -0.812930219753879 -0.450532329416845 -0.836658000192966 0.0794311245265775 0.541935500929587 0.328926341500401 0.379305556293106 -0.502124558288228 0.298820497895814 -0.034602907717596 0.264617050155758
-85.1992568332491 129.177275800629 74.2849782132566 -0.115963561872024 -0.975455615286983 -0.187186524393016 -0.952331897967201 0.055656401851821 0.299943863151676 0.391625169585481 -0.358324609865314 0.0878225013422753 -0.368767056034201 -0.33478231069998 -0.207563940011063
-85.7301762831977 129.229444639018 74.2190527982575 0.120424293140848 -0.969990346281875 0.211226697487291 -0.984506113074669 -0.0893739912474811 0.150864187253445 -0.102487803803803 -0.0244841408616931 -0.464030294600495 0.0841248390633846 0.282587710703889 0.242845193184624
-86.2929912255689 129.029406558246 74.0511242938965 0.398693639386904 -0.729909642648747 0.555225445628632 -0.892277815673193 -0.168877474063067 0.418713145729943 -0.179623509879358 -0.250366119215774 -0.212701150156256 -0.0299602379463916 0.315806234026928 -0.165714713236839
-86.7579903450451 128.727135758149 74.1233958671473 0.459449510659075 -0.12634788959764 0.879171404178664 -0.885771905796496 -0.138376714013638 0.443012433116943 0.094869955633006 -0.192795679364859 0.254782509164474 0.811957409218168 -0.520696362671436 -0.166619252534829
-87.1180509078749 128.335390647491 74.3224659674361 0.415991120181137 0.489510560237473 0.766375103544458 -0.827474858076849 -0.145755254815071 0.54225525809958 -0.217727287368665 0.17933870350651 -0.0266061753367458 0.268665311830733 -0.356884551805582 -0.238374820506923
-87.3448219765203 128.103062452514 74.7676896045852 0.178468850375165 0.939540504568704 0.292254186859874 -0.843257938604588 -0.00700414408368097 0.537463478726999 0.354941684478126 -0.118891823901597 -0.160253650087917 -0.605053307988211 -0.136274120223238 -0.14660657486616
-87.5275284776714 128.053823613248 75.2468555397192 -0.143732403922714 0.960207228179702 -0.239464141400786 -0.81687648975541 0.0214730451564785 0.576412793768803 -0.149927715007407 -0.767574499883821 0.529601678637612 0.0485107154062347 -0.191299191815854 0.224892547727424
-87.8545177083326 128.174345943312 75.6602607812913 -0.203152225022584 0.786159520702368 -0.583680033453226 -0.799466840485765 0.210988308378874 0.562438178534483 -0.11810566190243 -0.391543730933833 -0.172810148177006 0.435595772507776 -0.264299885100194 0.042846084913184
-88.0603578343967 128.521973047864 75.9890780134757 -0.510820716263427 0.152965249222901 -0.845969165128271 -0.840239276588637 0.119291000138752 0.528930633776398 -0.183724030291332 0.0163391760304784 0.449093341810316 0.320444026599352 0.208708147496377 -0.360178838082216
-88.4990353228451 128.81623328506 76.0991186747429 -0.331001669776185 -0.509605228602932 -0.794191668040864 -0.941357223281988 0.236706935457709 0.240450420835467 -0.275237321202069 0.0493121955905432 -0.311507304338638 -0.442715075240577 0.200281514592437 -0.175283228876363
-89.0171494093471 128.99267582713 76.0782903272962 -0.114603717041134 -0.681633838677933 -0.722662644673328 -0.980607821450375 0.194039522773102 -0.0275129807970633 0.045172113810512 -0.0854865745418441 0.246915483928271 0.0453663198873896 0.144978462028649 0.237530563405826
-89.4327212411207 129.141657087127 75.7746717272813 -0.103120670223299 -0.994034145485487 -0.0355280871626093 -0.977881780443994 0.107850166179046 -0.179208161444684 -0.192416593430488 0.238204015706068 -0.0131485808945935 -0.195215601481059 0.766670263113881 -0.957243566388502
-89.944326967924 129.016290980704 75.3916495728654 0.0994359263260123 -0.845738417980417 0.524250917880673 -0.991619014769642 -0.127900859060425 -0.0182510217480417 -0.206245636666304 0.166154381746812 -0.0802273135078253 0.0117570865083493 0.419129051361423 0.325513186709153
-90.3616795915477 128.796824894016 75.2022622110194 0.161598928938071 -0.315348792762004 0.935115460819794 -0.986555578585115 -0.0750224235337457 0.145188588826308 0.270378418134451 0.316216703756705 0.108960100680002 0.299306716041981 0.265180607888761 0.252175524747189
-90.7348452902065 128.429196273419 75.2527680634717 0.0600358322249587 0.248994044261512 0.966642469977898 -0.991794400314241 -0.094619768876222 0.0859707324281343 -0.293774509911254 0.166759939927018 -0.311624557275337 0.243966320741012 -0.0562794546858135 -0.230948856904057
-91.1230962317263 128.17217107808 75.5400855703688 0.138601957249119 0.816712605899581 0.560151780141744 -0.937834790858282 -0.0734948425561624 0.339211457883347 0.25441837218893 0.229413492243213 -0.138121098945207 0.239717890143469 -0.66885545853771 0.0154232217309139
-91.4687627955651 128.005121018539 75.9469475346305 0.0623294346626478 0.965042742009957 0.254573265815806 -0.893608549038931 -0.0596380311964788 0.444867470516328 -0.116370199754425 -0.32390343910424 -0.413886493361854 0.00439090442517763 -0.0304826067205384 -0.265686280934677
-91.6645986310563 128.023722672355 76.470360226561 -0.299393539992811 0.875226685489348 -0.379923357029103 -0.867132381779822 -0.0834742592514652 0.491033074764265 -0.235882950385751 -0.211380741048583 0.377171006400964 0.0922732142049199 0.270863331916996 0.443512422728718
-91.8003876220197 128.358942315133 76.8749432619467 -0.646540066535825 0.325871198871727 -0.689778155708028 -0.70447833490682 0.0919255793235799 0.703747087733436 -0.507477312538478 0.415732279266586 0.063288262738966 -0.816629783415436 -0.307697081161823 -0.187714087549773
-92.217833604026 128.542835170408 77.2014893782288 -0.527975479222984 0.0174747802282869 -0.849079810969406 -0.801653910162334 0.319779516325555 0.505066400843775 0.0222515223743423 -0.565823801290999 0.245145241939743 -0.176964224507509 -0.106719410673097 -0.180372611454848
-92.4797922226878 128.933072671311 77.2457670931634 -0.754712628969496 -0.563588916580053 -0.335821948009822 -0.654876686824555 0.616503826044784 0.437103600429877 0.234914786513353 0.0105905467954034 -0.162075466198259 0.550291705959066 -0.202316535002786 0.225844723194893
-92.8944902020389 129.310016237704 77.1992314316461 -0.388754297956077 -0.868103839266127 0.308651615986397 -0.780714317301767 0.488271782056906 0.389969000814423 0.383081904972699 0.0910810591817322 0.0220995111676917 -0.315180219512377 0.238509455231908 0.0637571585156776
-93.2888902327431 129.431725465468 76.9992305328153 -0.181142310734413 -0.525392226857905 0.831354600160102 -0.897589636172204 0.43377556521578 0.0785595573382725 -0.182242668498557 0.271775944336705 -0.69918334582483 0.23862671456937 -0.40450523089409 -0.0636808103402492
-93.7700921344242 129.379266747174 76.8567618496353 0.0829103716174185 0.260811781244487 0.961822792972232 -0.839969017047549 0.537649262904715 -0.0733847431329085 0.150191174588701 0.44565033255341 -0.250013097515316 0.182228724039871 -0.866172575259201 -0.191433010470335
-94.199746394306 129.379738430211 77.0686471413842 0.469955274606006 0.83422422415061 0.288464874300928 -0.835283580546178 0.525955770254326 -0.160224429479128 -0.750241358101548 -0.289181449929062 0.208759470366704 -0.238685588731747 0.179692725291999 0.253979748645829
-94.5113506977724 129.633782857785 77.3593227594821 0.425335679972184 0.678527894369134 -0.598906884150609 -0.892863267949014 0.422763884784544 -0.155131822811931 0.20805062764032 -0.488220022856591 -0.148298959915625 0.271583635394183 0.360429979874404 -0.529112479876009
-92.4717645391622 128.833032960549 76.0153110342247 0.477069323482215 -0.447900828259536 0.756167778110406 0.87789948808687 0.202531166709908 -0.433905076430478 0.466000679212224 -0.122729410325584 -0.0308565133280607 -0.320161325514526 0.189294545391014 -0.0305501666091965
-91.9976574465693 129.076813991344 76.0154467370448 0.248260689054882 -0.915965834155923 0.31523518351652 0.928366576344038 0.132057159893634 -0.347413883498724 -0.203917278188259 -0.037273219464834 0.142633746949542 -0.00832995172098558 -0.00142165398665638 -0.172983697282472
-91.5155435283928 129.168406217264 76.1481708424363 0.10539202625224 -0.966516167912957 -0.233963710777935 0.982554902351714 0.137462405603852 -0.125259534209746 0.163023778448925 -0.00559386847212607 -0.386021587937851 0.188802716313098 -0.154211932698224 -0.012632955641927
-91.0193629802604 129.068906680381 76.301702165995 -0.118985410299553 -0.77884154356024 -0.615831407258094 0.992691280175077 -0.0807200602974231 -0.0897122853085323 -0.156893730470352 0.141899642889052 -0.300625069275159 -0.122660117243488 0.675488203069487 0.60455873633327
-90.5962527268358 128.742474660707 76.4247506721394 -0.109237744786369 -0.181007011501192 -0.977396325397287 0.984153730978025 -0.157859070690136 -0.0807585760457807 -0.0731922641582076 -0.177478199307976 0.138867281781458 -0.470483340864169 -0.405710957451149 -0.178906107107854
-90.148226386365 128.48916572812 76.3285826893058 -0.15478915285724 0.225407123313385 -0.961889778984483 0.953225772872727 -0.221777992102303 -0.205365888477293 -0.314178750386423 0.188077130000905 -0.207798578645235 0.404930024521555 -0.0677742040019632 0.0210605150325008
-89.9039784707406 128.084127056544 76.0905862816008 0.0723114514661393 0.873035651943378 -0.482265284255528 0.876063026576701 -0.286722504033176 -0.387690313431248 -0.169791980258496 0.819685087556445 0.197393234122837 0.185060326087676 0.444001940596484 0.534557553153817
-89.5172013421473 127.974280218711 75.7776900350265 0.0753695399313287 0.997085515366959 0.0118282494642567 0.91692005138186 -0.0646382488036502 -0.39380136637147 0.211794040907794 0.100143952659442 -0.564521986665282 0.28226856952314 0.0792817529695442 -0.597809609662554
-89.1088726635777 128.065748669772 75.3692064191294 0.0361548999083533 0.821560448730333 0.568973859048191 0.915698938035865 0.200786469681426 -0.348109535148286 0.239568419373332 0.270431150322074 0.153354276099378 0.270394166364426 0.163623591253514 -0.0366885045673375
-88.8255435263047 128.30434564587 75.0598139233333 0.203956854445363 0.390347376611872 0.897792028864106 0.919360402190123 0.238773315919069 -0.312671959857543 -0.00570834503917004 -0.20475009064833 0.121401392435829 -0.327616951474146 -0.218353406684715 -0.136650525606067
-88.4919783514053 128.720281734717 74.9357445738302 0.280114931650576 -0.244142339056681 0.928401929843562 0.945351473491364 0.238270517006083 -0.222570780380973 -0.18057413205845 0.685687756875057 0.139992839568821 0.0230443414527004 0.281685113781372 0.259560787983558
-88.1634732307475 129.094928022973 74.9372142159394 0.27817596023078 -0.725645001791965 0.629330967399807 0.959728752966799 0.23673447198911 -0.151253133884563 -0.208387912531628 -0.0455174719526419 0.404118847477448 0.185457004147664 -0.309577606963114 -0.316733856549189
-87.6069350462389 129.23419664887 75.0510749568821 -0.0309983530209523 -0.992101016903734 0.121551118314804 0.970258223258078 -0.0590775117934357 -0.23475269497871 -0.145450469527798 0.254562235434946 -0.531323992385063 -0.157453209619922 0.0975256555413564 0.14193148794963
-87.0870000567162 129.216737049525 75.1892989950414 -0.211885978210726 -0.910826582631707 -0.354258759392844 0.923977103088461 -0.0686082446839532 -0.376243567029512 0.140102912020337 -0.0949667890253155 0.0175035093779264 -0.540178070012946 0.482169026508512 -0.363864325258917
-86.6323202759163 128.857443550016 75.319761544607 -0.347611320246547 -0.363462004128734 -0.864327334745884 0.932999898374028 -0.0424987047808486 -0.357358433122855 -0.00943979079571811 -0.412485941454704 0.130757436366882 -0.203062844410373 -0.0660940242830322 -0.171569272262559
-86.1866111828381 128.594207336272 75.1372984390279 -0.48688670076648 0.12518239356286 -0.864448210686746 0.860128180517726 -0.103572233823222 -0.499452005161924 0.157944731882206 0.145623310567022 -0.283628547476483 -0.0733918555763274 0.607471012736537 0.330237579437863
-85.894845035829 128.25854037786 74.8351181151635 -0.352017766342389 0.543871189122622 -0.761766120153008 0.836569110361828 -0.182208162715686 -0.516674277487604 -0.358418084766486 -0.2936616723253 -0.00265059732299529 -0.238535358307685 0.49981653117094 -0.631291404097269
-85.5953192418285 128.068355597763 74.4858880131399 -0.145493098368356 0.971087469335034 -0.18926406213199 0.753584241502141 -0.0151773289365224 -0.657176110061446 0.199121932943117 0.0440307404380224 -0.0660137103314412 0.214953182039514 -0.0963983117833446 -0.264657375978235
-85.3471016660735 128.039224501436 74.0602695070231 0.111477668535705 0.9601185656906 0.256408013181177 0.683601732779562 0.113184378695529 -0.721025635709973 -0.0958607979669563 0.48743453717757 -0.207118320868468 -0.13795901969779 0.234704971020815 -0.237674302807696
-85.2086101309315 128.198845605771 73.5424818160608 0.466880368918557 0.547416945399867 0.694519552661708 0.83806033743414 -0.023204460543097 -0.545083868633757 0.313541779789183 -0.0465266716493845 -0.0575374864613031 -0.170914299739372 -0.236831425045523 0.203277013329984
-84.9184119226564 128.354298445642 73.2416855171752 0.555644850358629 -0.217316526612706 0.802516247519983 0.81305716742425 -0.0597140375411658 -0.579113353517757 -0.122233807225105 -0.0533455683679844 0.341889737269913 -0.266671940373437 0.398400187828873 -0.0990485321106657
-85.7302072898074 128.631631648457 73.1362423717024 0.634964268590628 0.750476152326124 0.183319181755297 -0.731655171698568 0.660356904646509 -0.169143336274774 0.356631131959916 0.529843696514415 -0.259401597304356 0.209931002080075 0.349418620239593 0.474306783243861
-86.0145554955183 129.020900868546 73.2138977922476 0.762402306502765 0.401667224385477 -0.507352110362055 -0.592952973945767 0.747600934910855 -0.299164858900194 0.132785915046054 -0.0271116550517536 -0.333983461301866 0.00974292244829746 -0.223710352215939 -0.187333385124597
-86.1207678000502 129.561193673827 73.1764605272834 0.502509845767311 -0.164087419838221 -0.848857569652119 -0.437422826498973 0.798637677295441 -0.413326906039801 -0.27469365832798 0.381123167757759 0.185044836468237 0.181450277748762 0.127085540886767 -0.203523849381786
-86.0740307274897 130.018669374728 72.9940478218536 -0.0973021829234707 -0.521909149405712 -0.847433256933417 -0.568304261013719 0.728145124386855 -0.383190481013824 -0.322084038381268 0.239631934029019 -0.224952632673176 -0.538818756145278 -0.715087018145173 0.101138038897597
-86.0923014449079 130.412550407144 72.6014190781311 -0.467187540461126 -0.784845917094872 -0.407127361455891 -0.554102456558664 0.618724735282023 -0.556911276217718 -0.0942973924974875 -0.0410182412008469 -0.405152607000398 -0.114137810165597 -0.899723557906789 -0.0826394385563342
-86.2664780774912 130.621439134494 72.0869473163836 -0.671931875823987 -0.725891165335135 0.146933897847779 -0.679298292893033 0.525011517271638 -0.51275406970463 -0.323580289552496 -0.121240963076496 -0.0147017426499036 -0.302675740989122 -0.0883462625122648 0.194781131099479
-86.6239792909673 130.699270328605 71.7205497260497 -0.597344692956612 -0.458230800457635 0.658182232600153 -0.787177245081041 0.491981188243653 -0.37189581234781 -0.0815600148809647 0.163183633943636 0.0915872151872482 -0.00957661019962781 0.0650941405660582 -0.485974018920869
-87.1255233602569 130.674356473237 71.5059806553343 -0.178784926999532 0.208969465217086 0.961440436264323 -0.837825369845492 0.479984144494615 -0.260122799229978 -0.164180021029036 -0.192625038849964 0.401353856307839 -0.316802187377315 0.252683271204817 0.783614072004122
-87.6348847284391 130.798920655321 71.4235260840126 0.229493544758277 0.29171607480941 0.928565799827172 -0.876198188959119 0.477327843988215 0.0665947671776988 -0.66405916016551 0.196362011836523 0.588098123149131 0.00238589361408064 -0.299106201722607 -0.0731338080191643
-88.1260116071956 130.800571946431 71.6999782850451 0.521271934733623 0.683315025718481 0.511230032070897 -0.823261847569348 0.560422963771607 0.0903660999398824 0.359279747174078 0.0738503728838298 0.322590670692039 0.135272983712328 -0.191191858065043 0.851768297918312
-88.4726951770062 130.933224368369 72.0667203895382 0.511361973549014 0.840898159253953 -0.177198244144588 -0.84193272914785 0.531544266781687 0.0927899348045866 0.331582236241859 0.329754033776931 -0.310866920535206 0.0960850855329766 0.463249281369593 0.415319847987543
-88.6425710792969 131.240490536245 72.3973834825106 0.309240935338464 0.712798113272426 -0.629514808099232 -0.750018687316867 0.589785043293792 0.299375301875702 0.0379097593675986 0.257372662231419 -0.0228194718496016 0.214126671629215 -0.0655035215912308 -0.0946354849053599
-88.8894797929807 131.752699500092 72.5398145722291 0.175916072672932 0.200690518495363 -0.963730694314113 -0.704415876212147 0.709528485079556 0.0191729548474573 -0.25315234436019 0.707444270542578 -0.40996655486549 0.00521163522733024 -0.126307969856085 -0.336878351433887
-89.0543516265361 132.257962117866 72.5566318330789 -0.0760467246386431 -0.219390423284268 -0.972668873680854 -0.587257355286512 0.798209811492274 -0.134126416039824 0.21920289508646 -0.504329775873022 -0.184205903798707 -0.00158759970873385 0.466059275111108 -0.326459798128823
-89.0771995705825 132.727696305721 72.3495972515311 -0.5075362313708 -0.620303774883225 -0.59802190652837 -0.756941106421733 0.65257294535562 -0.0344777083310936 -0.132850529955753 -0.331819350070997 0.115374977012569 -0.0511684361060204 -0.0249570403497084 0.32834869852861
-89.3587533502092 133.1270827217 72.0115252223745 -0.533084759229293 -0.828460254053425 -0.171680653819082 -0.806887199914914 0.558855675513051 -0.191346232098487 0.0130353056328689 0.133991548921776 0.249874687270017 0.167400589983634 -0.00301229872887065 -0.243677491010892
-89.7541473491916 133.24621811696 71.5955375250626 -0.338232599198002 -0.729230331430791 0.594829246555496 -0.938032458848992 0.311935257092696 -0.150968544824631 -0.107138225233125 -0.592638501881669 0.0519255607837154 0.613112231050938 0.348017281722381 0.283911559831496
-90.1655729933152 133.103018043239 71.3133877119743 -0.254023865630187 -0.160103598944226 0.953854660462417 -0.930110202416745 0.310917333899567 -0.19551322929368 -0.626127963608894 -0.238113307115853 -0.140271864206909 0.156723448397557 0.2347872536619 0.894680973953102
-90.6944870640175 132.952494880758 71.3275429298103 0.0859314658941538 0.388813160697861 0.917300446548679 -0.938947900906955 0.339482002115932 -0.0559357633737025 -0.20938968318481 -0.334193143125325 -0.316095148280921 0.470144568075588 -0.410683895303531 -0.364940924565789
-91.1331687269248 132.827002045894 71.4930233680609 0.186019360724104 0.824964219454353 0.533695450658641 -0.981597160777055 0.132168029696858 0.137835502979673 0.168224550001025 0.361799053473427 0.224962683858497 -1.00757136499478 -0.181767446166657 -0.109674236405011
-91.5710770408226 132.811251917322 71.737143350599 0.335207695174034 0.942023328844511 -0.0150946681181907 -0.924430079523012 0.331955141197712 0.187709382560302 -0.212830311038651 0.256246518735536 -0.360827788020778 0.131615626783723 -0.120108247453822 -0.226520548492674
-91.7101053399551 133.124678356315 72.0978676837748 -0.138296592133712 0.620376006772608 -0.772015325511458 -0.861195915630418 0.309625003359715 0.40308057779384 -0.18174254288445 0.215495127628231 -0.124553380037538 0.178730324750456 0.184370199989439 0.00942827664363886
-92.0071271411013 133.510371538016 72.3800260031574 -0.185134183566004 0.0448413443277929 -0.981689659674072 -0.881326891912227 0.434338078828526 0.186046614767042 0.243496777323015 -0.980380885147524 0.290812175248748 0.254981648678514 0.194420088535483 0.209118982222494
-91.9083531625563 132.773729225369 73.366256468164 0.392814721442426 0.863364698887395 0.316698581175028 -0.0403713007504088 -0.327858957009537 0.943863688448968 0.136419709002798 0.154628212627937 0.152752694663085 -0.558249185125808 0.0550445461252767 -0.0206671955266654
-92.067175838762 132.524565178195 74.0257186375221 0.329741017617848 0.927409044899884 0.17658800845848 -0.239261213561523 -0.0988495345213907 0.965910369137323 0.191898846565597 -0.227681981115273 -0.350614071357153 -0.195981132062623 0.128059820043357 -0.426186938266815
-93.1546023668703 132.944211537656 74.1959818079615 -0.415394323291368 0.187441543811501 0.890119780608497 0.696256847035058 -0.564204294014488 0.443734061764615 -0.0408256857159468 -0.246481518900067 0.147809110969281 0.266758535997516 0.616138044315395 0.140032503954424
-93.7371205401864 131.848580554463 73.5751537364034 -0.34654745161061 -0.935130280026991 0.0737307477326269 0.551748936332482 -0.139641563305171 0.822236793786099 0.458787638230764 -0.17557439577183 -0.508797819183601 0.500382982969152 -0.226224256023324 -0.0378733934215346
-93.781001410564 132.284666375801 74.3606514310974 0.617008228326274 -0.0420761819019469 0.78583105123939 0.673996905784088 0.543729305006945 -0.500086606366807 -0.137784941161037 0.44257695497542 0.20315838251041 -0.385505133021807 0.126943973646521 0.179714546959447
-91.2461666514408 133.948675795236 71.7862976820844 -0.254545695444844 -0.965687882218917 0.051511193674267 0.935931336514637 -0.232596250227502 0.264445680089325 -0.0944418576631655 0.0662889233488934 -0.399767770802333 -0.113291115860205 0.291505741214233 0.132246809817356
-91.0019306202664 133.780589450843 72.2215095880962 -0.0706160177089853 -0.735163824748291 -0.674201400785335 0.921990996515221 -0.306071235565591 0.237177151308724 0.117322583157215 0.207495602725376 -0.146208214894576 0.128273662836491 0.208709974416941 0.197991201925737
-90.6662044678196 133.351077246398 72.4082653184332 0.0448736441442057 -0.317958156059049 -0.947042220312046 0.856299685027896 -0.476018929368111 0.200391687200999 0.224216226922112 0.489605658307303 -0.251644831177268 -0.196641434925919 0.00606156832397476 -0.0216922413637703
-90.4786859106157 132.873240250906 72.4702838939126 0.301644626381189 0.233321268842302 -0.924430475958864 0.795514466038051 -0.596023426062415 0.109145819492235 0.414597185694551 0.468858016680899 0.0475806128027577 0.317828517219366 0.264865713891333 0.00883467649513375
-90.2049750747969 132.411344228238 72.3436987530121 0.336039481165116 0.708770934458537 -0.620259002002527 0.841239723715812 -0.522019746821657 -0.140751949086684 0.185380114689742 0.320165534461966 -0.0907646030196677 -0.293282283914993 -0.492876514827351 0.314608350394511
-89.9760014436755 132.10177824846 72.0082986434538 0.52682503968426 0.849916555283746 -0.0098603553395072 0.847105847830416 -0.525964314846434 -0.0759817219444868 -0.311638739862461 0.511957790497649 0.171383511774011 -0.284447920404488 0.235133685251347 0.200138617987794
-89.7177735279066 132.035192681499 71.6018019614401 0.559865834266757 0.523410397464645 0.642333093838769 0.798389314326325 -0.548142048315532 -0.249228404535309 0.215186416548661 0.29242169448231 -0.316160943358029 0.246575395372104 0.209480369235646 0.48937783333299
-89.2518025563567 131.866124744452 71.4492374019116 0.242553107979 0.499636836108073 0.831583442483067 0.940931909902984 -0.329902384955992 -0.0762335708727057 -0.139229916766808 0.181850163842039 0.0432304186638477 -0.165012145644699 -0.251946489363903 0.586060307485792
-88.6967581920661 131.934109065296 71.3940267576868 -0.174855851799592 -0.0532236311798734 0.983154451841187 0.927951179422826 -0.342707903619988 0.146485157618727 0.0682607342809681 0.12440974323369 0.0124980969780203 -0.439737233812679 0.176976876586285 -0.507345725236549
-88.2596629558895 132.105057628963 71.6338418005592 -0.333116546454085 -0.7319390161028 0.594389302711997 0.933257781745353 -0.345806578742817 0.0971993976560468 0.503161607365374 0.243526858490817 0.0716047926910515 0.365110262229388 0.0180478672821953 -0.204931294974781
-87.8734810404903 131.97438323232 72.029516258125 -0.506432656198234 -0.862054897266301 0.0196804171882543 0.826582409438544 -0.478841547510698 0.295757151682113 -0.137696658900995 -0.245618602544902 -0.343490895041001 0.0856734264371311 0.0225662138262683 0.46017126633969
-87.6059860462912 131.638490103815 72.3677554365662 -0.387807561599089 -0.683519056574739 -0.618390648749563 0.795298921384373 -0.587271648972099 0.150371659407551 -0.468513390776944 0.0375518688746651 -0.460961166390355 -0.0607431331642724 0.0153416616569984 0.107865571844989
-87.3657533208997 131.161690786795 72.5544263682499 -0.263137473306287 -0.273378582639693 -0.925215013219186 0.771503990593322 -0.635436003511391 -0.0316650900783928 -0.291159916111103 0.166569434411435 -0.0922799843984739 0.111804298869277 -0.242876060242847 -0.844226320828963
-87.2913554007074 130.673631140883 72.6755953217695 0.170915933468741 0.140580999101361 -0.975204966338059 0.664287969242676 -0.747426367687704 0.00867863999928975 0.35827746263144 -0.339895981742822 0.118881438895336 -0.000512028166206072 0.198346978138381 -0.280329767607988
-87.3483230806368 130.202974963904 72.5245988219381 0.607444960300899 0.448511204295799 -0.655628187183855 0.602354176813263 -0.798137452340353 0.0120852325037504 -0.337920752497171 -0.218796701486236 0.418164469439418 0.334839437318496 0.0483554638558708 -0.351198298135123
-87.0964377410789 129.800000621288 72.248740106206 0.736955651838153 0.675334170344616 -0.0286378350266336 0.672787483961889 -0.728770955292903 0.127475080494522 -0.557714101278905 -0.0975296766643036 -1.05991639504864 -0.251270393496662 0.577668736681769 -0.0516087833505903
-86.6797559191589 129.599850317175 71.9875397512867 0.414513635344684 0.601526691548973 0.682893904983016 0.794298970558245 -0.605373622609677 0.0511069703072041 -0.605646225980728 0.614244671947463 0.189039594064529 -0.188230244492227 -0.114859639469885 0.851210639194869
-86.1122090710029 129.338462349688 71.9872116707876 0.0183707167745616 0.61082174659524 0.791554995341103 0.849614133972012 -0.426894359772228 0.309704744796244 -0.793367768345566 -0.163542574170445 0.206770071553502 -0.428538294348783 0.172215547658739 -0.295334012325301
-85.5606161598162 129.383877576777 72.1427674543118 -0.436829132803422 0.20536658128965 0.875788145624472 0.786059826056317 -0.386222559842308 0.48264074021756 -0.0513898909584171 0.454268195493138 0.0426519743214711 -0.366812511991639 0.0156240277738635 0.472315280686629
-85.207535618822 129.501800945549 72.4802726844385 -0.623884914929051 -0.523028222086664 0.580697074053236 0.781504208001878 -0.421648215624305 0.459852101360872 0.163487599471262 -0.0352575350362479 0.0803988121162342 0.371622432437448 -0.30341941683387 -0.174320447836707
-85.0203501212679 129.459260589367 72.8999240885671 -0.301101979125321 -0.935078708030281 -0.186990395351442 0.772536020746744 -0.354154223810068 0.527032145512211 -0.460536269373364 -0.398718332089719 0.193988111013707 0.115086422099357 -0.0839310918685739 0.469614490456039
-84.4272533600859 129.238387864355 73.118762555076 0.387819234107947 -0.388527670907335 0.83584836579074 0.904421058129156 -0.0145375120657477 -0.426393257872122 0.326247223199719 0.427450380315904 0.36359055203975 -0.357912491254381 0.395031715116065 0.0369925006478704
-83.9383537318363 129.363395516455 73.129464812574 0.0597717519843145 -0.956946919019346 0.284042130383456 0.968641011707834 -0.0131440768733037 -0.2481165525832 -0.118867821234088 0.0961060436722136 -0.0375309084830989 -0.305668913133363 -0.0853490392252288 0.108570481629078
-83.436817352247 129.362267704489 73.2672999576404 -0.124560562199377 -0.94508650606338 -0.302152548219313 0.982439639545734 -0.0748413466485669 -0.170912631117315 0.0164704014781264 0.396577346723626 -0.0665082061812675 0.138159180087804 -0.231645538745101 0.447575062400262
-82.9850291290456 129.10975846163 73.4542903523043 -0.309763113646098 -0.693921350744624 -0.650015363203764 0.934007042852953 -0.350045062645859 -0.0714093692158658 -0.250510736228744 0.150946443924835 -0.321715724359844 -0.0802105079075011 0.380116484215751 -0.505851716811199
-82.6271919046694 128.714089757963 73.5581689551588 -0.293679715985281 -0.240847706820694 -0.925064649921072 0.903306903776871 -0.386507073015639 -0.18614220396036 -0.169538278764836 0.071348134853181 0.0585586219819522 -0.236761348108397 0.277066464161594 0.555824139319444
-82.2745656515648 128.325509126957 73.37620908233 -0.258045511406028 0.338930291762621 -0.904731325512541 0.880714389897402 -0.302457380364116 -0.364501984201454 0.0628900871533751 0.15190681312501 0.640433423948625 0.152747465192923 0.0870265323140153 0.297820702021596
-81.9782588084195 127.951617247838 73.0695940722348 -0.0457650591562452 0.84647476438776 -0.530458323161817 0.876783294389888 -0.220428013084483 -0.42739039030483 0.013644180466536 0.440429973078471 -0.287581572521579 -0.50479823780464 0.480616923378464 -0.197886490132446
-81.758360215825 127.789800263485 72.6216424500811 0.175360799048768 0.983256557115151 0.0495492990576189 0.869140423131173 -0.130975736560513 -0.476906994391231 0.125243432754812 -0.121455102028136 0.0127578390426916 0.440210144686438 0.415583589389196 0.314641378248812
-81.5255306011403 127.945123245245 72.1644914456973 0.451595508444549 0.616319252082719 0.645145004055417 0.852603778009061 -0.0850178713546213 -0.515595538448976 0.149003957197151 -0.608340437578058 -0.275431313710874 0.140731345041682 0.122348811321547 0.540220228934878
-81.1999430453599 128.209459578347 71.8437965617335 0.438685726191112 0.0748841970276803 0.895515042123429 0.896922834058091 0.0250991927074161 -0.441474189813068 0.799915389303101 -0.0708431156498278 0.0585266017446448 0.500057805430124 -0.0873649470184868 -0.13406402981926
-80.8068489813827 128.528945088563 71.7121445977288 0.423766204030412 -0.542501853195555 0.725337124099952 0.89164644318789 0.108980280167182 -0.439419980068285 0.315557816976394 0.188756219107317 -0.0347011943691948 -0.067675814541844 -0.359903579610544 0.0451804830622011
-80.376347028791 128.749617677898 71.7286344406965 0.166878420633481 -0.90922269536724 0.381399636809182 0.927012785499763 0.012919974330409 -0.374807110107885 -0.070181793784331 0.64144053077783 -0.432500318243814 -0.415456021445486 0.0206447216834843 0.25843482180185
-79.7599450365537 128.739068027477 71.7875246356467 -0.340335698918134 -0.925212714882484 -0.167788689263718 0.801537395929345 -0.192156002277226 -0.566227757796906 -0.185543024915118 0.467427214692733 -0.0710645935417757 0.138549806807781 -0.0907794164185589 -0.356616300415772
-79.3511516534777 128.545493251419 71.8974071786272 -0.507694329724312 -0.542745327975589 -0.669084431534145 0.848290817735665 -0.179254040478602 -0.498267676571532 0.157847710808842 0.310005224425403 0.367013618214344 0.101398158867998 -0.298080605024504 0.222797892368087
-78.8823827309427 128.21140110758 71.843646249156 -0.604466185441879 -0.134472155741331 -0.785199254953609 0.784344274851388 -0.272902740194732 -0.557071048337661 0.00866432773904455 0.0010474647745701 -0.0982157251230881 -0.921310939347766 0.252724106612283 0.59151747729331
-78.593620412463 127.743243274654 71.6556225434986 -0.543638533462956 0.386667831827349 -0.744946395911883 0.706568353427361 -0.268209898336715 -0.65484701448479 -0.177164608300549 0.272139141889454 -0.347242031074147 0.26334283828269 0.211627709305479 0.243992802383601
-78.3820156924799 127.46206332037 71.4024236983302 -0.0847194418356046 0.86127123097994 -0.501033414936028 0.640305283017105 -0.338212738455673 -0.689653020080241 -0.327703647722631 0.192278738261156 0.213941256117826 -0.339309387658615 0.367395039685801 -0.298192736077103
-78.2853804411953 127.305076131134 70.8353302035443 0.0614768669435447 0.989687348844614 -0.129381398831047 0.602009858018978 -0.14016066597833 -0.786091037068138 0.138338474355262 0.0015647767783992 0.0880013441986695 -0.554753402050999 -0.68487727744148 0.146002906727986
-78.2873857067797 127.484743453396 70.287807102743 0.54564017813706 0.700169321246376 0.460477705850194 0.677539376642284 -0.0452150048744368 -0.734095359223574 -0.557604430053601 0.305394982928624 0.515363554299134 0.428280151372175 -0.130380151422656 0.353816934262378
-78.0459234456479 127.709613163886 69.8945279499576 0.68402944876852 0.230425345534186 0.692103946929133 0.706507272527282 0.0268290515113776 -0.707197055894129 -0.124708445681865 0.40334820786885 -0.16987549522643 -0.276467225772811 0.591660482005492 -0.0988487684701309
-77.711131923187 128.062608763124 69.6164035258973 0.552601275860638 -0.416077213129215 0.722157588502272 0.766102182617307 -0.0876301195249159 -0.636716897798915 0.0818781997165288 0.0154048384353064 0.102574346132893 -0.610843543021125 0.321695869714389 -0.318694658625855
-77.1917194744339 128.282341014827 69.4929869806624 0.201770991007932 -0.902191626024318 0.381233179445518 0.764217306427754 -0.0984298170999917 -0.637403702260443 0.0596489978875067 -0.294223034307331 0.282316032755526 0.175751487385353 -0.0493894020101673 0.390949055307874
-77.5183194432306 128.653857409874 68.7540417730909 0.836211160542055 -0.48485733923661 -0.256250376720362 0.392140281885768 0.201995815212586 0.897454004366973 0.155473906452288 -0.0223462966807529 0.159381308191404 0.119351366863176 0.237430664446946 0.108859701361565
-77.9520955337027 129.83571106632 67.9637086496536 -0.274924296311234 0.6775604168582 -0.68214991959766 -0.954867388830818 -0.109434601437665 0.27613825841511 -0.23010370939678 -0.235470169397901 -0.0894008600348505 0.197709626845348 -0.0377834425983383 0.718630782326662
-78.2988562414235 130.093761133821 68.1318686437393 -0.491346914055935 -0.108425867819082 -0.86418866067095 -0.856764675423003 -0.118264295812544 0.501963990026128 -0.197686758638151 0.744157901610921 -0.28204148420266 0.2707922127497 0.223980272307957 -0.345494420074119
-78.7309071541282 130.190857988535 68.149555606231 -0.122420203446952 -0.870355733294513 -0.476963511529634 -0.802924802981752 -0.195628939856037 0.563064009382615 -0.0926316338217925 0.483671513318421 -0.341350435921636 0.0177632372508607 -0.294872197313539 0.55907715974367
-79.2929293950374 130.099150804271 68.2176678179868 0.209968750953148 -0.968653700832846 -0.132752143032952 -0.837857029410216 -0.248246601524704 0.486178180401838 0.31042303174619 -0.254305492845216 -0.233730311378163 -0.0580310031724687 0.030769265024857 0.363724292918307
-79.570431052986 130.645555244329 68.1081165620261 -0.923498472732812 -0.30613840788694 -0.231148969436247 0.360734705948493 -0.488136308062478 -0.79472851758683 0.316630399821107 -0.309537082379742 0.172307209060194 -0.340557021035413 -0.152359218843954 0.155364732265247
